1 0.4796195652173913 0.2359098228663446 0.5833333333333334 0.2431561996779388 0.7006340579710145 0.24154589371980675 0.7309782608695652 0.249597423510467 0.7423007246376812 0.25442834138486314 0.7477355072463768 0.26006441223832527 0.7509057971014492 0.2689210950080515 0.7441123188405797 0.2898550724637681 0.7346014492753623 0.37681159420289856 0.7364130434782609 0.40096618357487923 0.7350543478260869 0.4533011272141707 0.7273550724637681 0.5201288244766505 0.7269021739130435 0.5466988727858293 0.7250905797101449 0.5563607085346216 0.7273550724637681 0.5797101449275363 0.7264492753623188 0.5845410628019324 0.7192028985507246 0.5925925925925926 0.6965579710144928 0.5925925925925926 0.6807065217391305 0.5966183574879227 0.6603260869565217 0.5917874396135265 0.6453804347826086 0.5917874396135265 0.595108695652174 0.5756843800322061 0.5701992753623188 0.573268921095008 0.4375 0.57085346215781 0.3211050724637681 0.5772946859903382 0.31023550724637683 0.571658615136876 0.31068840579710144 0.5394524959742351 0.30434782608695654 0.5072463768115942 0.3088768115942029 0.45410628019323673 0.3016304347826087 0.35185185185185186 0.30344202898550726 0.3285024154589372 0.29981884057971014 0.2882447665056361 0.29257246376811596 0.2673107890499195 0.3061594202898551 0.249597423510467 0.3183876811594203 0.24557165861513688
0 0.33247059485710456 0.26481297424138933 0.3288055646775774 0.26527837489910705 0.3243551708881516 0.26993238147628434 0.3261876859779152 0.27830959331520355 0.325925898107949 0.28342900055009856 0.33063807976734094 0.2797057952883567 0.3327323827270707 0.27877499397292127 0.3340413220769019 0.27272478542259077
0 0.3586493818537269 0.2634167722682361 0.35262826084450377 0.26481297424138933 0.3494868064049091 0.2666745768722602 0.3492250185349429 0.2736555867380262 0.35158110936463893 0.2769133913420504 0.3531518365844363 0.2759825900266149 0.35838759398376074 0.27877499397292127 0.3623144120332541 0.277378791999768 0.365717654342815 0.2769133913420503 0.36440871499298383 0.2713285834494375 0.36309977564315277 0.2671399775299779 0.36257619990322026 0.2615551696373652
0 0.3942525321691334 0.2564357624024702 0.3877078354199778 0.25876276569105877 0.383257441630552 0.2596935670064942 0.37828347210119373 0.2606243683219297 0.3795924114510249 0.2662091762145425 0.38116313867082224 0.2699323814762844 0.38221029015068714 0.27272478542259077 0.38508995672031554 0.272259384764873 0.38692247181007916 0.274120987395744 0.39006392624967384 0.2731901860803085 0.39111107772953874 0.2717939841071553 0.3939907442991672 0.27039778213400206 0.396085047258897 0.26853617950313113 0.39451432003909964 0.26481297424138933 0.3939907442991672 0.2606243683219297
0 0.42514350082514785 0.25503956042931697 0.4199077434258233 0.2559703617447524 0.41519556176643135 0.25876276569105877 0.4125776830667691 0.25876276569105877 0.4125776830667691 0.2666745768722602 0.41833701620602604 0.27039778213400206 0.420693107035722 0.2685361795031312 0.42383456147531673 0.2666745768722602 0.42619065230501274 0.26574377555682477
0 0.45577268161119605 0.24945475253670418 0.44975156060197286 0.25224715648301055 0.44582474255247956 0.25736656371790556 0.44268328811288493 0.25736656371790556 0.4418979245029862 0.25969356700649426 0.4426832881128849 0.26527837489910705 0.45001334847193913 0.267139977529978 0.454463742261365 0.267139977529978 0.4562962573511285 0.26248597095280063 0.45734340883099345 0.260158967664212 0.45681983309106095 0.2559703617447524
0 0.48587828665731186 0.25224715648301055 0.47985716564808867 0.25131635516757506 0.47357425676889936 0.2573665637179056 0.4748831961187304 0.2615551696373652 0.47619213546856154 0.26946698081856657 0.48064252925798734 0.26807077884541347 0.4845693473074807 0.2638821729259539 0.48771080174707543 0.2629513716105184 0.4866636502672105 0.25829736503334105 0.4853547109173793 0.2564357624024701
0 0.5167692553133263 0.2545741597715992 0.5112717100440356 0.25224715648301055 0.5057741647747448 0.2536433584561637 0.5026327103351501 0.25736656371790556 0.5049888011648461 0.26574377555682477 0.5102245585641706 0.26946698081856657 0.5133660130037653 0.26574377555682477 0.5172928310532587 0.2671399775299779 0.5186017704030897 0.2629513716105184 0.5172928310532587 0.25736656371790556
0 0.5458277088795772 0.2545741597715992 0.5408537393502189 0.25736656371790556 0.5377122849106242 0.260158967664212 0.535094406210962 0.26248597095280063 0.535356194080928 0.2680707788454134 0.5398065878703541 0.2750517887111794 0.5426862544399825 0.27039778213400206 0.5455659210096109 0.2676053781876957 0.5447805573997122 0.2638821729259539
0 0.5754097381857605 0.2555049610870347 0.5686032535666387 0.25829736503334105 0.5641528597772129 0.2606243683219297 0.5625821325574155 0.26620917621454254 0.5652000112570778 0.2717939841071553 0.5675561020867738 0.2750517887111794 0.5720064958761996 0.2750517887111794 0.5730536473560643 0.2755171893688971 0.5754097381857605 0.272259384764873 0.5769804654055578 0.27132858344943755 0.5772422532755239 0.26434757358367156 0.5759333139256929 0.2629513716105184
0 0.6115364642410994 0.25410875911388153 0.6042064038820452 0.25736656371790556 0.5966145556530246 0.25829736503334105 0.5905934346438014 0.2638821729259539 0.5992324343526868 0.274120987395744 0.602897464532214 0.27691339134205034 0.6044681917520114 0.2806365966037922 0.606300706841775 0.2750517887111794 0.609965737021302 0.27086318279171984 0.6107511006312006 0.267139977529978 0.6120600399810319 0.26434757358367156
0 0.6385006148476204 0.2596935670064942 0.6311705544885662 0.2610897689796474 0.6264583728291742 0.26341677226823607 0.629599827268769 0.27458638805346164 0.6327412817083635 0.27458638805346164 0.6345737967981272 0.2806365966037922 0.6379770391076881 0.2755171893688971 0.6400713420674178 0.2736555867380262 0.6369298876278231 0.26760537818769564 0.6361445240179244 0.2629513716105184
0 0.663632250364378 0.26015896766421204 0.6578729172251209 0.26202057029508297 0.6544696749155601 0.26248597095280063 0.6539460991756277 0.2690015801608489 0.6573493414851886 0.27458638805346164 0.6615379474046482 0.27830959331520355 0.6628468867544793 0.27225938476487305 0.663632250364378 0.2690015801608489 0.6670354926739389 0.2666745768722602 0.6693915835036348 0.26620917621454254 0.6735801894230945 0.26807077884541347 0.675412704512858 0.2624859709528007 0.6751509166428917 0.2545741597715992 0.6704387349834997 0.25783196437562333 0.6657265533241078 0.25922816634877655
0 0.7013297036395142 0.2610897689796475 0.692952491800595 0.2615551696373652 0.6871931586613381 0.26388217292595384 0.6869313707913719 0.27039778213400206 0.6916435524507639 0.27598259002661485 0.6950467947603249 0.2750517887111794 0.6966175219801223 0.2713285834494375 0.7002825521596493 0.26760537818769564