1 0.47101449275362317 0.23510466988727857 0.5045289855072463 0.23510466988727857 0.5828804347826086 0.2431561996779388 0.6979166666666666 0.2431561996779388 0.7441123188405797 0.25442834138486314 0.7481884057971014 0.2576489533011272 0.7522644927536232 0.2689210950080515 0.7450181159420289 0.29307568438003223 0.7436594202898551 0.3325281803542673 0.7377717391304348 0.37359098228663445 0.7418478260869565 0.4082125603864734 0.7413949275362319 0.4500805152979066 0.7332427536231884 0.48148148148148145 0.730072463768116 0.5048309178743962 0.728713768115942 0.5410628019323671 0.7255434782608695 0.5563607085346216 0.7264492753623188 0.5853462157809984 0.7196557971014492 0.5925925925925926 0.6788949275362319 0.5950080515297906 0.6458333333333334 0.5909822866344605 0.5964673913043478 0.5764895330112721 0.5751811594202898 0.5740740740740741 0.4316123188405797 0.571658615136876 0.36231884057971014 0.5772946859903382 0.32065217391304346 0.5772946859903382 0.3120471014492754 0.572463768115942 0.31023550724637683 0.533011272141707 0.30434782608695654 0.5056360708534622 0.30842391304347827 0.45491143317230276 0.3016304347826087 0.35426731078904994 0.30344202898550726 0.32367149758454106 0.30027173913043476 0.29066022544283415 0.29393115942028986 0.26972624798711753 0.29483695652173914 0.2648953301127214 0.30344202898550726 0.25120772946859904 0.3179347826086957 0.24557165861513688
0 0.3324798733648781 0.26077934615578907 0.32192824079387083 0.26445747515657597 0.3250316621382847 0.27071029445791367 0.3248247673819905 0.28137686856019556 0.3314453995834068 0.27843436535956606 0.3333074523900552 0.2710781073579923
0 0.3618589287586633 0.26077934615578907 0.35813482314536654 0.2640896622564973 0.35047971716247894 0.26445747515657597 0.3488245591121248 0.2681356041573628 0.35068661191877315 0.2754918621589366 0.35627277033871824 0.2769631137592513 0.3622727182712518 0.27806655245948736 0.36516924485937147 0.27549186215893656 0.36475545534678294 0.26923904285759886 0.36310029729642884 0.2677677912572841
0 0.3953758792783336 0.253790901054294 0.3864794047576804 0.2611471590558678 0.379858772556264 0.2615149719559464 0.37716914072443863 0.26372184935641857 0.38047945682514683 0.2710781073579923 0.3875138785391517 0.2732849847584644 0.3887552470769173 0.2732849847584644 0.3906172998835656 0.2710781073579923 0.3937207212279796 0.26923904285759886 0.39516898452203936 0.26629653965696937
0 0.42537561894100157 0.24974495915342848 0.42061703954623353 0.25195183655390063 0.4181343024707023 0.2559977784547662 0.41316882831964 0.2559977784547662 0.4129619335633459 0.2673999783572054 0.4195825657647622 0.27254935895830706 0.42165151332770484 0.2681356041573628 0.4257894084535901 0.26666435255704807 0.4272376717476499 0.2651931009567333 0.424961829428413 0.259675907455553 0.424961829428413 0.2530552752541367
0 0.4555822533599637 0.24790589465303503 0.4497892001837244 0.25158402365382193 0.4435823574948966 0.2534230881542153 0.4421340942008367 0.2556299655546875 0.442340988957131 0.26408966225649727 0.4487547264022531 0.26776779125728417 0.4514443582340785 0.26776779125728417 0.45640983238514077 0.2651931009567333 0.45889256946067186 0.2611471590558678 0.455789148116258 0.2552621526546088 0.4551684638473752 0.2501127720535072
0 0.4843406244848661 0.24937714625334972 0.4785475713086268 0.25526215265460883 0.4729614128886817 0.2556299655546875 0.47482346569533007 0.2622505977561038 0.47606483423309565 0.26997466865775627 0.4828923611908063 0.26997466865775627 0.4833061507033948 0.26629653965696937 0.48640957204780866 0.26445747515657597 0.48620267729151445 0.2574690300550809
0 0.5168231012230651 0.25121621075374323 0.5106162585342372 0.2504805849535859 0.5073059424335291 0.2545265268544514 0.5031680473076439 0.253790901054294 0.5015128892572898 0.26077934615578907 0.5054438896268807 0.26703216545712677 0.5097886795090603 0.2673999783572054 0.5128921008534741 0.26592872675689067 0.5176506802482421 0.26592872675689067 0.519926522567479 0.2611471590558678 0.5178575750045363 0.2574690300550809
0 0.5464090513731444 0.2530552752541366 0.5418573667346708 0.2559977784547662 0.5364781030710198 0.2574690300550809 0.5352367345332545 0.2589402816553956 0.53647810307102 0.2685034170574415 0.538133261121374 0.2732849847584644 0.5412366824657879 0.2743884234587005 0.545995261860556 0.27254935895830706 0.5468228408857331 0.2633540364563399
0 0.5764087910358123 0.2582046558552383 0.5691674745655132 0.26077934615578907 0.5637882109018625 0.2611471590558678 0.561098579070037 0.26298622355626117 0.5635813161455682 0.27181373315814966 0.569788158834396 0.2758596750590153 0.573719159203987 0.27328498475846447 0.5778570543298722 0.271445920258071 0.5770294753046952 0.2666643525570481 0.5759950015232239 0.2629862235562612
0 0.610132636311777 0.2556299655546874 0.6016499513037122 0.2582046558552383 0.5939948453208246 0.2604115332557104 0.5931672662956475 0.265560913856812 0.5960637928837672 0.2729171718583857 0.5993741089844754 0.27365279765854317 0.6055809516733033 0.28174468146027426 0.6082705835051287 0.27254935895830706 0.6105464258243656 0.2681356041573629 0.6117877943621312 0.2637218493564186 0.611580899605837 0.258572468755317
0 0.6372358493863253 0.258572468755317 0.6256497430338466 0.2651931009567333 0.628339374865672 0.2718137331581497 0.6312359014537917 0.27254935895830706 0.6339255332856171 0.2791699911597234 0.6384772179240907 0.27622748795909396 0.6376496388989138 0.2673999783572054 0.6372358493863253 0.2611471590558678
0 0.6730286422252325 0.2559977784547662 0.6521322718395121 0.2633540364563399 0.654408114158749 0.271445920258071 0.6597873778223998 0.27659530085917267 0.6628907991668137 0.27071029445791367 0.6680631680741703 0.26703216545712677 0.6744769055192924 0.2685034170574415 0.6738562212504096 0.2629862235562612
0 0.6986835920057209 0.259675907455553 0.6875112751658308 0.26445747515657597 0.6875112751658309 0.27291717185838577 0.6935112230983643 0.27733092665933 0.700338750056075 0.27034248155783497 0.7007525395686635 0.26445747515657597