1 0.6553442028985508 0.4074074074074074 0.6757246376811594 0.4146537842190016 0.6807065217391305 0.4194847020933977 0.6825181159420289 0.428341384863124 0.6784420289855072 0.4726247987117552 0.6788949275362319 0.5418679549114331 0.6752717391304348 0.572463768115942 0.6693840579710145 0.6022544283413849 0.667572463768116 0.6296296296296297 0.6680253623188406 0.6497584541062802 0.6707427536231884 0.6594202898550725 0.6766304347826086 0.6690821256038647 0.6770833333333334 0.677133655394525 0.676177536231884 0.6835748792270532 0.6689311594202898 0.6964573268921095 0.6648550724637681 0.7318840579710145 0.6603260869565217 0.7455716586151369 0.4098731884057971 0.749597423510467 0.37681159420289856 0.751207729468599 0.29438405797101447 0.7624798711755234 0.2644927536231884 0.7592592592592593 0.25407608695652173 0.7528180354267311 0.24909420289855072 0.7455716586151369 0.2509057971014493 0.7342995169082126 0.2563405797101449 0.7230273752012882 0.2563405797101449 0.714170692431562 0.24682971014492755 0.6537842190016103 0.24365942028985507 0.6223832528180354 0.24320652173913043 0.5845410628019324 0.24592391304347827 0.572463768115942 0.24592391304347827 0.5603864734299517 0.24003623188405798 0.5217391304347826 0.23731884057971014 0.47342995169082125 0.2391304347826087 0.4557165861513688 0.24320652173913043 0.44041867954911434 0.2477355072463768 0.42914653784219003 0.2545289855072464 0.42028985507246375 0.2907608695652174 0.4082125603864734 0.3491847826086957 0.41626409017713367 0.46059782608695654 0.4194847020933977 0.6182065217391305 0.41626409017713367 0.6340579710144928 0.4146537842190016
0 0.2927724066353886 0.4364951619859884 0.28765238044621644 0.4369089014760225 0.28253235425704437 0.44104629637636356 0.27508504343643037 0.44394247280660243 0.2741541295838536 0.4389775989261931 0.2778777849941606 0.43815011994612485 0.2806705265518909 0.4360814224959543 0.28206689733075596 0.42987533014544255 0.285790552741063 0.4257379352451014 0.29440150587739794 0.43442646453581774
0 0.325354391475575 0.4464249097468071 0.320467093749547 0.4484936071969776 0.31837253758124934 0.4484936071969776 0.31441615370779813 0.446011170256773 0.3113906836869237 0.4447699517866706 0.30859794212919345 0.4447699517866706 0.3078997567397609 0.44187377535643185 0.3106924982974911 0.43732264096605655 0.3113906836869237 0.43070280912551084 0.3179070806549609 0.4327715065756814 0.32163073606526793 0.4398050779062613
0 0.3523508932003008 0.4451836912767047 0.3467654100848403 0.45180352311725047 0.3425762977482449 0.4559409180175916 0.3388526423379378 0.4546996995474893 0.33722354309592856 0.45180352311725047 0.3409471985062356 0.44642490974680704 0.3407144700430914 0.44270125433650004 0.3407144700430914 0.4364951619859883 0.34653268162169615 0.44187377535643174 0.3507217939582915 0.4422875148464659
0 0.38353650726162203 0.4472523887268753 0.3781837526093057 0.4526310020973187 0.3751582825884312 0.45304474158735286 0.3721328125675568 0.45511343903752344 0.37003825639925914 0.4571821364876939 0.36864188562039396 0.4563546575076257 0.3695727994729707 0.44932108617704586 0.3684091571572498 0.4460111702567729 0.37050371332554755 0.4402188173962954 0.3714346271781242 0.43815011994612485 0.3746928256621429 0.44394247280660243 0.38167467955646855 0.44476995178667067
0 0.4147221213229432 0.4484936071969777 0.40843845281805014 0.4563546575076257 0.4026202412394454 0.45759587597772816 0.39843112890285004 0.45800961546776225 0.39819840043970584 0.4559409180175917 0.4005256850711477 0.45138978362721643 0.40448206894459887 0.4480798677069436 0.4042493404814547 0.44311499382653413 0.403318426628878 0.44104629637636367
0 0.4426495369002458 0.44932108617704586 0.43776223917421786 0.4559409180175916 0.43496949761648757 0.4592508339378645 0.4307803852798922 0.46173327087806926 0.4307803852798922 0.46049205240796687 0.4331076699113341 0.45387222056742105 0.4331076699113341 0.44766612821690943 0.4331076699113341 0.442287514846466 0.435434954542776 0.4422875148464659
0 0.4759297071298647 0.4489073466870117 0.47080968094069253 0.45387222056742116 0.46708602553038553 0.45676839699765986 0.46522419782523206 0.45800961546776225 0.4624314562675018 0.45759587597772816 0.45754415854147384 0.4522172626072847 0.45870780085719476 0.4522172626072846 0.46033690009920414 0.44683864923684113 0.46126781395178085 0.4402188173962954 0.4624314562675018 0.4398050779062613 0.46871512477239496 0.4447699517866706 0.4736024224984228 0.44642490974680704
0 0.5078135065806185 0.45056230464714825 0.5043225796334556 0.4526310020973187 0.5005989242231486 0.45883709444783044 0.4994352819074277 0.4600783129179328 0.4982716395917067 0.46131953138803505 0.4966425403496974 0.4580096154677622 0.49524616957083234 0.45676839699765986 0.49315161340253466 0.4559409180175916 0.49291888493939046 0.4555271785275575 0.4940825272551113 0.4497348256670799 0.4945479841813997 0.4460111702567729 0.4943152557182555 0.44270125433650004 0.49640981188655325 0.4422875148464659 0.501064381149437 0.4460111702567729 0.5040898511703114 0.4460111702567729
0 0.5352754652316327 0.45056230464714814 0.5331809090633349 0.4546996995474893 0.5287590682635954 0.45759587597772816 0.5264317836321534 0.4580096154677622 0.5229408566849906 0.45511343903752344 0.5234063136112791 0.453458481077387 0.5259663267058651 0.45056230464714814 0.5259663267058651 0.44559743076673886 0.5259663267058651 0.43939133841622713 0.5289917967267396 0.4385638594361589 0.5327154521370466 0.4439424728066023 0.5355081936947769 0.4484936071969776
0 0.5692538208506841 0.44642490974680704 0.5669265362192423 0.453458481077387 0.5632028808089352 0.4559409180175916 0.5625046954195027 0.45676839699765986 0.5606428677143491 0.4580096154677622 0.559246496935484 0.45387222056742105 0.5573846692303305 0.4522172626072846 0.5562210269146096 0.45180352311725047 0.5564537553777538 0.44642490974680704 0.5583155830829073 0.4422875148464659 0.5629701523457911 0.44104629637636356 0.5655301654403772 0.44394247280660243
0 0.6009048918382938 0.4489073466870117 0.597646693354275 0.45387222056742116 0.595086680259689 0.457182136487694 0.5922939387019588 0.4592508339378645 0.5911302963862378 0.45676839699765986 0.5885702832916516 0.45304474158735286 0.5862429986602099 0.44932108617704586 0.586475727123354 0.4472523887268753 0.586475727123354 0.44352873331656817 0.5871739125127866 0.44187377535643185 0.5946212233334006 0.4435287333165683 0.6004394349120054 0.44559743076673886
0 0.6323232343627591 0.44683864923684125 0.6272032081735869 0.45138978362721643 0.6237122812264241 0.4600783129179328 0.6204540827424055 0.460905791898001 0.6164976988689543 0.4580096154677622 0.6157995134795218 0.453458481077387 0.6181267981109636 0.44683864923684113 0.6188249835003962 0.44187377535643185 0.6216177250581264 0.4414600358663977 0.6276686650998753 0.4439424728066023
0 0.6621124776452152 0.43442646453581785 0.6586215506980524 0.44187377535643185 0.6555960806771778 0.4501485651571141 0.652105153730015 0.4476661282169093 0.6504760544880058 0.44270125433650004 0.648381498319708 0.4393913384162271 0.6479160413934196 0.4348402040258519 0.6500105975617174 0.43235776708564727 0.6537342529720244 0.4327715065756813 0.6574579083823314 0.43318524606571546