1 0.6585144927536232 0.40499194847020936 0.6725543478260869 0.40901771336553944 0.6834239130434783 0.428341384863124 0.6798007246376812 0.4863123993558776 0.6816123188405797 0.5466988727858293 0.677536231884058 0.5789049919484702 0.6711956521739131 0.606280193236715 0.6684782608695652 0.6400966183574879 0.6707427536231884 0.6561996779388084 0.6788949275362319 0.6690821256038647 0.6788949275362319 0.6747181964573269 0.6707427536231884 0.6932367149758454 0.6693840579710145 0.7028985507246377 0.6707427536231884 0.7198067632850241 0.6779891304347826 0.7447665056360708 0.6757246376811594 0.751207729468599 0.6467391304347826 0.7479871175523349 0.4759963768115942 0.7479871175523349 0.3763586956521739 0.7520128824476651 0.33016304347826086 0.7600644122383253 0.2803442028985507 0.7616747181964574 0.2644927536231884 0.7584541062801933 0.254981884057971 0.7528180354267311 0.2509057971014493 0.7463768115942029 0.25271739130434784 0.7318840579710145 0.25679347826086957 0.7230273752012882 0.25679347826086957 0.7077294685990339 0.24954710144927536 0.6698872785829307 0.245018115942029 0.6312399355877617 0.2441123188405797 0.5829307568438004 0.24682971014492755 0.5636070853462157 0.24048913043478262 0.5209339774557166 0.23777173913043478 0.48148148148148145 0.2391304347826087 0.45491143317230276 0.2463768115942029 0.4194847020933977 0.26721014492753625 0.4106280193236715 0.2957427536231884 0.4082125603864734 0.34556159420289856 0.41626409017713367 0.519927536231884 0.4210950080515298 0.6336050724637681 0.41545893719806765
0 0.2926319433026034 0.43722655058153675 0.28768302073204466 0.4383741268297824 0.2805823926960256 0.44028675391019145 0.27541829957892083 0.43799160141370047 0.27627898176510496 0.43569644891720943 0.2812279043356637 0.43225372017247304 0.28230375706839383 0.42995856767598195 0.2851009741734923 0.4249857372669181 0.2915560905698732 0.4295760422599002
0 0.32426201364487006 0.4479372622318281 0.317161385608851 0.44984988931223735 0.3143641685037526 0.44564210973533724 0.3087697342935558 0.44525958431925544 0.30618768773500343 0.4406692793262733 0.310275928119378 0.439139177661946 0.3094152459331939 0.4314886693403094 0.3158703623295748 0.4311061439242275 0.3188827499812193 0.4349313980850459 0.32275581981904783 0.44028675391019156 0.32447718419141613 0.44564210973533724
0 0.35352520797513043 0.4429644318227644 0.34879145595111777 0.45023241472831915 0.3451335566598352 0.4571178722177922 0.3419059984616447 0.45979555013036516 0.336957075891086 0.45673534680171046 0.33738741698417807 0.45214504180872844 0.3410453162754606 0.45176251639264653 0.3419059984616447 0.44564210973533724 0.3408301457289145 0.4372265505815368 0.34556389775292723 0.4429644318227644
0 0.38515527831739704 0.4479372622318281 0.38020635574683836 0.45291009264089205 0.37697879754864794 0.45291009264089205 0.37138436333845104 0.4559702959695467 0.36923265787299075 0.45826544846603773 0.3675112935006225 0.45788292304995587 0.36901748732644474 0.45444019430521937 0.36815680514026056 0.450614940144401 0.36880231677989866 0.443729482654928 0.3696629989660828 0.4376090759976186 0.37654845645555585 0.44564210973533724 0.38214289066575263 0.4441120080710098
0 0.41484881374074944 0.4509974655604828 0.4101150617167368 0.45329261805697385 0.4038751158669019 0.457500397633874 0.3997868754825273 0.4571178722177922 0.39935653438943525 0.45291009264089205 0.40193858094798757 0.44870231306399183 0.40215375149453364 0.4429644318227644 0.40215375149453364 0.43875665224586424 0.4098998911701908 0.4410518047423551 0.41377296100801936 0.44564210973533713
0 0.4426058142451875 0.45061494014440096 0.438302403314267 0.45444019430521937 0.4331383101971622 0.4590304992982014 0.4307714341851559 0.4605606009625287 0.43227762801097813 0.45673534680171046 0.43356865129025435 0.44831978764791003 0.43356865129025435 0.44334695723884615 0.4344293334764384 0.44028675391019156 0.43615069784880667 0.4410518047423552 0.438302403314267 0.4475547368157464 0.44282098479173365 0.450614940144401
0 0.4753117373201844 0.45099746556048287 0.4699324736565336 0.45214504180872844 0.4662745743652511 0.45673534680171035 0.46261667507396853 0.452910092640892 0.46003462851541627 0.4525275672248102 0.45895877578268607 0.4490848384800737 0.46283184562051466 0.44028675391019156 0.46498355108597494 0.4425819064066825 0.4692869620168956 0.44334695723884615 0.47380554349436227 0.44564210973533724
0 0.5088783425813653 0.4509974655604828 0.5028535672780766 0.4559702959695467 0.49790464470751794 0.4640033297072652 0.4961832803351496 0.4559702959695468 0.4940315748696893 0.45329261805697396 0.4944619159627814 0.44793726223182817 0.49553776869551147 0.4429644318227644 0.4953225981489655 0.43875665224586424 0.49941083853334006 0.4429644318227644 0.5037142494642607 0.44525958431925533 0.5075873193020892 0.44870231306399183
0 0.5349139787134354 0.45291009264089205 0.5310409088756067 0.45673534680171035 0.5275981801308701 0.4601780755464469 0.5248009630257717 0.45826544846603773 0.519852040455213 0.45635282138562855 0.5230795986534036 0.45023241472831926 0.5245857924792258 0.44831978764791003 0.5248009630257718 0.43990422849410976 0.526307156851594 0.43799160141370047 0.532547102701429 0.4410518047423552 0.5355594903530735 0.44870231306399183
0 0.5684805839746163 0.4490848384800737 0.5639620024971497 0.45444019430521937 0.5626709792178735 0.4590304992982014 0.559443421019683 0.4540576688891375 0.5555703511818543 0.45482271972130117 0.5555703511818544 0.44870231306399183 0.5564310333680386 0.44334695723884615 0.5577220566473148 0.4395217030780278 0.5631013203109655 0.4395217030780278 0.5665440490557021 0.44143433015843697
0 0.6033382125150735 0.4471722113996645 0.5983892899445147 0.45176251639264653 0.5960224139325084 0.457500397633874 0.5936555379205021 0.45864797388211964 0.5899976386292195 0.45520524513738303 0.5876307626172131 0.45329261805697396 0.586124568791391 0.4471722113996645 0.5876307626172131 0.44334695723884615 0.5915038324550416 0.44334695723884615 0.5940858790135941 0.4441120080710099 0.5975286077583305 0.4429644318227644
0 0.634537941764248 0.4471722113996645 0.627006972635137 0.4525275672248102 0.6252856082627687 0.4594130247142832 0.6192608329594799 0.45750039763387407 0.6173242980405655 0.45558777055346483 0.6184001507732957 0.44793726223182817 0.6190456624129338 0.44143433015843697 0.6196911740525718 0.43990422849410965 0.6255007788093147 0.44219938099060074 0.6300193602867814 0.4441120080710099
0 0.6627252833617782 0.4349313980850458 0.6586370429774038 0.4441120080710098 0.6554094847792132 0.44908483848007363 0.6513212443948385 0.44640716056750085 0.6498150505690165 0.4406692793262733 0.6480936861966481 0.43569644891720954 0.6504605622086544 0.43225372017247304 0.6556246553257592 0.4330187710046367 0.6597128957101338 0.4349313980850459