1 0.6734601449275363 0.3446054750402576 0.7219202898550725 0.34782608695652173 0.7395833333333334 0.35185185185185186 0.7450181159420289 0.35668276972624796 0.7463768115942029 0.3711755233494364 0.7418478260869565 0.4057971014492754 0.7409420289855072 0.45491143317230276 0.7409420289855072 0.47020933977455714 0.7450181159420289 0.5040257648953301 0.7450181159420289 0.5450885668276972 0.7413949275362319 0.5579710144927537 0.7192028985507246 0.5611916264090178 0.6417572463768116 0.5587761674718197 0.6005434782608695 0.5644122383252818 0.5679347826086957 0.5644122383252818 0.5090579710144928 0.5587761674718197 0.5031702898550725 0.5539452495974235 0.4990942028985507 0.5450885668276972 0.49230072463768115 0.4943639291465378 0.49184782608695654 0.4492753623188406 0.48596014492753625 0.3864734299516908 0.4846014492753623 0.37922705314009664 0.4773550724637681 0.3671497584541063 0.478713768115942 0.35990338164251207 0.4832427536231884 0.3526570048309179 0.4936594202898551 0.3494363929146538 0.5045289855072463 0.35507246376811596 0.5176630434782609 0.35507246376811596 0.5634057971014492 0.34863123993558776
0 0.5080138232847272 0.3622770780570286 0.5065179728424393 0.369641264849831 0.5035262719578633 0.3702549470825645 0.5028358794460381 0.37230055452500965 0.502375617771488 0.3755735264329218 0.5001893748173748 0.37373247973472123 0.499614047724187 0.36861846112860847 0.499614047724187 0.3649363677322073
0 0.5220518043585068 0.3602314706145835 0.5217066081025942 0.3675956574073859 0.5196354305671186 0.3684139003843639 0.5174491876130054 0.3686184611286084 0.5159533371707175 0.37107319005954253 0.5154930754961672 0.3671865359188969 0.5156081409148048 0.3643226854994737 0.5162985334266299 0.3620725173127841
0 0.5366651125254741 0.3579813024278939 0.5349391312459111 0.35777674168364937 0.5321775611986101 0.36104971359156157 0.5298762528258594 0.3632998817782512 0.5294159911513093 0.3665728536861633 0.5305666453376846 0.3686184611286084 0.5321775611986101 0.37066406857105355 0.5345939349899985 0.36739109666314135 0.5370103087813867 0.3663682929419188 0.5377007012932119 0.3663682929419188 0.5380458975491245 0.3622770780570286 0.5377007012932119 0.35920866689336095
0 0.5534646636465546 0.35818586317213835 0.5513934861110789 0.3643226854994738 0.5492072431569657 0.3653454892206963 0.5479415235519527 0.36882302187285293 0.545640215179202 0.3684139003843639 0.5456402151792019 0.36145883508005056 0.5455251497605644 0.3581858631721384 0.5492072431569657 0.35532201275271524 0.5526592057160918 0.3540946482872482
0 0.5691135605812596 0.35450376977573717 0.5675026447203341 0.36084515284731705 0.5662369251153212 0.35941322763760547 0.5633602896493827 0.3602314706145835 0.562784962556195 0.3663682929419188 0.5610589812766319 0.3665728536861633 0.5605987196020819 0.3557311342412042 0.564280812998483 0.3542992090314927
0 0.5834967379109518 0.3557311342412042 0.5770530744672496 0.3563448164739378 0.5768229436299747 0.3632998817782512 0.5791242520027254 0.3659591714534298 0.5820008874686639 0.36555004996494084 0.5847624575159647 0.3643226854994738 0.58545285002779 0.3598223491260945
0 0.5919544382154099 0.36060158688050487 0.5937375601696926 0.3645272462437183 0.5961539339610809 0.36309532103400666 0.5986853731711067 0.36227707805702863 0.5992607002642945 0.3534809660545147 0.5956936722865307 0.35614025572969327 0.591341077487801 0.35852979064502566
0 0.6138740084312615 0.351639919356314 0.6134137467567115 0.35920866689336095 0.6082358029180222 0.3626861995455177 0.6072002141502845 0.3583904239163829 0.6068550178943718 0.3567539379624268
0 0.6294078399473291 0.3502079941466024 0.6283722511795914 0.3567539379624268 0.625955877388203 0.3559356949854488 0.6221587185731643 0.35961778838185 0.621238195224064 0.35307184456602564
0 0.644596475207484 0.3510262371235805 0.644826606044759 0.3563448164739378 0.6457471293938595 0.35777674168364937 0.6403390547178951 0.3581858631721384 0.6398787930433449 0.36064059210307253 0.6378076155078695 0.36084515284731705 0.6371172229960441 0.3567539379624268 0.6371172229960442 0.3534809660545146
0 0.6619713534217521 0.351639919356314 0.6610508300726519 0.35470833051998174 0.6622014842590273 0.35941322763760547 0.6595549796303639 0.36002690987033903 0.6571386058389757 0.35941322763760547 0.6566783441644255 0.36064059210307253 0.6539167741171247 0.35695849870667135 0.6535715778612121 0.3563448164739378 0.6538017086984871 0.35450376977573717 0.6565632787457879 0.35389008754300366 0.6589796525371763 0.35286728382178106
0 0.676469596170082 0.34816238670415733 0.6733628298668684 0.3524581623332921 0.6696807364704672 0.3518444801005586 0.6696807364704672 0.3583904239163829 0.6726724373550432 0.35920866689336095 0.6741682877973312 0.35757218093940485 0.6766997270073569 0.35757218093940485 0.6784257082869201 0.3542992090314927
0 0.6910829043370491 0.34918519042537993 0.6880912034524733 0.35082167637933603 0.6844091100560721 0.351230797867825 0.6841789792187969 0.35532201275271524 0.6863652221729102 0.35736762019516033 0.6897021193133988 0.3567539379624269 0.6915431660115993 0.35307184456602564
0 0.7071920629463044 0.3518444801005585 0.7037401003871784 0.3522536015890476 0.6991374836416768 0.3522536015890476 0.698332025711214 0.35450376977573717 0.700058006990777 0.35736762019516033 0.7021291845262527 0.35961778838185 0.7055811470853789 0.3579813024278939 0.707997520876767 0.3551174520084707
0 0.7241066794860224 0.35389008754300366 0.7216903056946342 0.3545037697757372 0.7189287356473333 0.35634481647393784 0.7143261189018317 0.35552657349695976 0.7147863805763819 0.35920866689336095 0.7177780814609579 0.36227707805702863 0.7208848477641714 0.3626861995455177 0.7228409598810095 0.3614588350800506 0.7239916140673849 0.3579813024278939