1 0.27943840579710144 0.39533011272141705 0.4320652173913043 0.40982286634460546 0.4936594202898551 0.4106280193236715 0.5158514492753623 0.40418679549114334 0.521286231884058 0.4057971014492754 0.5230978260869565 0.42028985507246375 0.521286231884058 0.42914653784219003 0.5153985507246377 0.44122383252818037 0.5122282608695652 0.45652173913043476 0.5063405797101449 0.572463768115942 0.501358695652174 0.6078904991948471 0.48867753623188404 0.6247987117552335 0.4651268115942029 0.6328502415458938 0.4071557971014493 0.6360708534621579 0.3695652173913043 0.6280193236714976 0.30434782608695654 0.6280193236714976 0.26811594202898553 0.6312399355877617 0.25317028985507245 0.6400966183574879 0.24728260869565216 0.6384863123993558 0.24592391304347827 0.6328502415458938 0.25226449275362317 0.6078904991948471 0.25271739130434784 0.5853462157809984 0.25181159420289856 0.5410628019323671 0.24682971014492755 0.47020933977455714 0.2391304347826087 0.44847020933977455 0.22780797101449277 0.4420289855072464 0.22826086956521738 0.4323671497584541 0.23097826086956522 0.42028985507246375 0.24094202898550723 0.40499194847020936 0.26132246376811596 0.3977455716586151
0 0.2707380245392396 0.41171465752618397 0.26775078733468355 0.4170253014453947 0.2630340970117003 0.4170253014453947 0.26130464389327307 0.4136712105490511 0.2628768740009341 0.41115564237679336 0.26319132002246637 0.4066835211816685 0.26319132002246637 0.40500647573349663 0.2646063271193614 0.405285983308192 0.2674363413131513 0.4114351499514886
0 0.28598865658355216 0.4100376120780121 0.2836303114220605 0.41171465752618397 0.28221530432516556 0.4173048090200901 0.2790708441098434 0.4170253014453947 0.2790708441098434 0.4119941651008793 0.2790708441098434 0.408081059055145 0.27985695916367387 0.4064040136069732
0 0.30501264088625135 0.4131121953996605 0.3021826266924614 0.41506874842252767 0.2998242815309698 0.4175843165947854 0.29699426733717976 0.4178638241694807 0.29605092927258314 0.4133917029743558 0.29636537529411533 0.41087613480209806 0.29699426733717976 0.408081059055145 0.2974659363694781 0.4064040136069732 0.30123928862786475 0.4083605666298403
0 0.3197916038982656 0.4198203771923478 0.31601825163987896 0.4220564377899102 0.3127165684137907 0.4226154529393008 0.311773230349194 0.41926136204295716 0.3117732303491941 0.4170253014453948 0.3128737914245568 0.4139507181237464 0.31413157551068566 0.41115564237679336
0 0.3355139049748765 0.42093840749112904 0.33362722884568313 0.4214974226405196 0.33063999164112706 0.42680806655973036 0.32670941637197437 0.42457200596216793 0.3274955314258049 0.4217769302152149 0.32953943056576435 0.41870234689356656 0.32938220755499825 0.4161867787213088
0 0.3526512131483823 0.4220564377899102 0.3498211989545924 0.4265285589850351 0.3446328395993108 0.4237334832380821 0.3457334006746736 0.41730480902009 0.3509217600299552 0.41926136204295716
0 0.3685307372357594 0.42317446808869147 0.36680128411733215 0.4254105286862539 0.3609840327189861 0.42457200596216793 0.3595690256220911 0.41870234689356656 0.36177014777281663 0.4153482559972229 0.3657007230419694 0.41898185446826186
0 0.3845674843339024 0.42457200596216793 0.380951355086282 0.4276465892838164 0.38032246304321754 0.4296031423066834 0.3778068948709598 0.42736708170912097 0.37749244884942756 0.4234539756633868 0.38032246304321754 0.4198203771923478
0 0.39856033229208615 0.4290441271572929 0.39997533938898117 0.42485151353686323 0.3966736561628929 0.42429249838747274 0.39494420304446565 0.4217769302152149 0.3917997428291435 0.4293236347319882 0.39494420304446565 0.4301621574560741 0.39745977121672343 0.4318392029042459
0 0.4153831944440598 0.4254105286862539 0.41271040326103603 0.4282056044332069 0.41050928111031043 0.43351624835241775 0.40689315186268993 0.43239821805363654 0.407050374873456 0.42820560443320693 0.40925149702418157 0.4251310211115586 0.4103520580995443 0.42289496051399617
0 0.43346384068216237 0.4254105286862539 0.43204883358526736 0.4301621574560741 0.42906159638071134 0.43267772562833184 0.4259171361653891 0.4298826498813788 0.42371601401466363 0.4262490514103398 0.4249737981007925 0.42345397566338683 0.42654602820845355 0.42093840749112904
0 0.4484000267049427 0.4304416650307694 0.44682779659728167 0.43659083167406604 0.4436833363819595 0.43323674077772245 0.44163943724200005 0.4318392029042459 0.44022443014510504 0.4293236347319882 0.4405388761666372 0.42708757413442566 0.441639437242 0.42401299081277743
0 0.4652228888569164 0.43239821805363654 0.4611350905769976 0.4363113240993708 0.45972008348010257 0.4351932938005896 0.4556322852001838 0.4351932938005896 0.4583050763832076 0.4256900362609492 0.4634934357384892 0.42848511200790224
0 0.4800018518689307 0.4304416650307694 0.47905851380433395 0.4340752635018083 0.4752851615459473 0.4340752635018083 0.47261237036292353 0.4298826498813788 0.4730840393952218 0.4240129908127773 0.47764350670743905 0.42708757413442566
0 0.4960385989670737 0.4318392029042459 0.49289413875175153 0.43659083167406604 0.4888063404718327 0.43128018775485527 0.48786300240723607 0.42708757413442566 0.48833467143953435 0.4220564377899102