1 0.2776268115942029 0.3969404186795491 0.4288949275362319 0.4114331723027375 0.48233695652173914 0.41223832528180354 0.5190217391304348 0.4082125603864734 0.5221920289855072 0.4138486312399356 0.5226449275362319 0.4210950080515298 0.5208333333333334 0.42995169082125606 0.5153985507246377 0.44122383252818037 0.5126811594202898 0.45491143317230276 0.5131340579710145 0.47020933977455714 0.5086050724637681 0.5193236714975845 0.5081521739130435 0.572463768115942 0.5040760869565217 0.607085346215781 0.490036231884058 0.6264090177133655 0.47056159420289856 0.6336553945249598 0.40307971014492755 0.6368760064412239 0.3541666666666667 0.6272141706924316 0.27807971014492755 0.6264090177133655 0.26358695652173914 0.6312399355877617 0.2536231884057971 0.642512077294686 0.24954710144927536 0.642512077294686 0.2477355072463768 0.6328502415458938 0.25181159420289856 0.6151368760064412 0.2536231884057971 0.5925925925925926 0.25271739130434784 0.5418679549114331 0.24864130434782608 0.4726247987117552 0.24320652173913043 0.44847020933977455 0.23958333333333334 0.4428341384863124 0.23369565217391305 0.44122383252818037 0.23233695652173914 0.43156199677938806 0.2346014492753623 0.41867954911433175 0.24048913043478262 0.4057971014492754 0.2554347826086957 0.4001610305958132
0 0.27021327701850667 0.41235819576616245 0.2661320192158357 0.4108466188022102 0.26426144272294483 0.4069165186959345 0.26222081382160933 0.4099396726238389 0.26052028973716307 0.41507903430127646 0.2630710758638325 0.41900913440755216 0.2659619668073911 0.41870681901476176 0.2688528577509497 0.4162882958724382
0 0.285858098595412 0.4108466188022102 0.28364741728563186 0.4081257802670963 0.28041642152518403 0.40631188791035366 0.2787158974407379 0.4081257802670963 0.2780356878069593 0.4150790343012764 0.2797362118914055 0.4177998728363904 0.28228699801807494 0.41689292665801914
0 0.30490396834120986 0.4129628265517433 0.3009927629469835 0.4177998728363904 0.2974216623696464 0.42021839597871397 0.2953810334683109 0.4165906112652286 0.29640134791897865 0.41205588037337204 0.2982719244118695 0.4090327264454676 0.30082271053853893 0.40963735723104844
0 0.3203787375096706 0.4196137651931331 0.3161274272985549 0.42293923451382787 0.3132365363549964 0.42203228833545653 0.31102585504521624 0.4208230267642948 0.31085580263677165 0.4165906112652286 0.3140867983972195 0.4144744035156956 0.31680763693233344 0.4126605111589529 0.31816805619989047 0.4177998728363904
0 0.33551340186124207 0.4196137651931331 0.33279256332612805 0.42414849608498967 0.3307519344247926 0.4262647038345228 0.3285412531150125 0.4268693346201036 0.32684072903056627 0.42414849608498967 0.32888135793190176 0.42203228833545653 0.3295615675656802 0.4193114498003426 0.32905141034034635 0.41749755744359995 0.3304118296079034 0.4165906112652286
0 0.3537090095648167 0.42203228833545653 0.34894754212836737 0.4262647038345227 0.3429957078328055 0.42717165001289414 0.3418053409736931 0.4244508114777801 0.3448662843256964 0.4205207113715044 0.34520638914258556 0.4165906112652286 0.3494576993537012 0.4181021882291808
0 0.36986398836705603 0.42384618069219926 0.36697309742349743 0.4256600730489419 0.364422311296828 0.42384618069219926 0.36068115831104636 0.4229392345138279 0.35949079145193397 0.41991608058592356 0.3620415775786033 0.4165906112652286 0.3642522588883834 0.41689292665801914
0 0.3848286003101829 0.4247531268705706 0.3814275521412904 0.4262647038345227 0.3792168708315103 0.4307994347263794 0.376666084704841 0.4295901731552176 0.3759858750710624 0.4259623884417323 0.3793869232399549 0.4229392345138279 0.3809173949159565 0.4196137651931331 0.38193770936662425 0.4199160805859235
0 0.40132368392931134 0.4262647038345228 0.3982627405773081 0.4301948039407985 0.3935012731408587 0.4311017501191699 0.3928210635070802 0.42777628079847496 0.3940114303661925 0.42384618069219926 0.39741247853508493 0.42414849608498967
0 0.41543803383021505 0.425055442263361 0.40863593749243016 0.42172997294266623 0.40863593749243016 0.4268693346201036 0.40608515136576073 0.43261332708312206 0.40948619953465326 0.43412490404707427 0.41135677602754417 0.4311017501191698 0.41373750974576884 0.4280785961912654
0 0.431763065040899 0.4256600730489419 0.429042226505785 0.42354386529940885 0.42649144037911557 0.42263691912103746 0.42411070666089085 0.4247531268705706 0.42496096870311406 0.42717165001289414 0.4264914403791156 0.42807859619126537 0.4283620168720065 0.43231101169033165 0.43108285540712044 0.43231101169033165 0.43261332708312206 0.4301948039407985
0 0.44774799143469357 0.42898554236963676 0.44468704808269033 0.4259623884417323 0.44230631436446555 0.42414849608498967 0.44128599991379786 0.42717165001289414 0.4400956330546854 0.4307994347263794 0.4428164715897994 0.43382258865428386 0.44485710049113486 0.4347295348326551 0.4463875721671365 0.43714805797497863
0 0.465093337096045 0.4304971193335889 0.4622024461524865 0.427776280798475 0.4564206642653693 0.4247531268705706 0.45761103112448165 0.42868322697684624 0.4555704022231462 0.4329156424759126 0.457951135941371 0.435334165618236 0.4601618172511511 0.43745037336776915 0.4625425509693758 0.4350318502254456
0 0.4793777394053935 0.42868322697684635 0.4752964816027226 0.42535775765615147 0.47308580029294245 0.42324154990661833 0.47121522380005165 0.42293923451382787 0.4725756430676086 0.4298924885480081 0.4735959575182763 0.4347295348326551 0.47801732013783654 0.4365434271893978 0.48022800144761657 0.4356364810110264
0 0.49485250857385416 0.4292878577624273 0.4921316700387403 0.42838091158405583 0.48907072668673707 0.42324154990661833 0.4878803598276247 0.425055442263361 0.48839051705295844 0.4298924885480081 0.48992098872896017 0.4347295348326552 0.4919616176302956 0.43624111179660735 0.49502256098229885 0.4350318502254455