1 0.27717391304347827 0.394524959742351 0.4316123188405797 0.4082125603864734 0.49230072463768115 0.40901771336553944 0.5090579710144928 0.4057971014492754 0.5140398550724637 0.40901771336553944 0.5167572463768116 0.41545893719806765 0.5176630434782609 0.43156199677938806 0.5126811594202898 0.45410628019323673 0.5067934782608695 0.571658615136876 0.5018115942028986 0.6078904991948471 0.4945652173913043 0.6223832528180354 0.48867753623188404 0.6280193236714976 0.47192028985507245 0.6336553945249598 0.4076086956521739 0.6376811594202898 0.35597826086956524 0.6296296296296297 0.3120471014492754 0.6296296296296297 0.2726449275362319 0.6344605475040258 0.2545289855072464 0.6400966183574879 0.24682971014492755 0.6384863123993558 0.24547101449275363 0.6328502415458938 0.24909420289855072 0.6231884057971014 0.25271739130434784 0.6014492753623188 0.2513586956521739 0.5394524959742351 0.24818840579710144 0.4895330112721417 0.2463768115942029 0.4677938808373591 0.2418478260869565 0.4524959742351047 0.2368659420289855 0.44524959742351045 0.23007246376811594 0.4420289855072464 0.23052536231884058 0.4219001610305958 0.2391304347826087 0.4057971014492754 0.2463768115942029 0.40096618357487923
0 0.270805700386301 0.41214432482282365 0.26731143328454227 0.4174006582408539 0.2631451917401376 0.4193120522110466 0.2608604786351415 0.4181174309796762 0.2603228990810248 0.41381679454674236 0.26086047863514156 0.4092772338675344 0.26099487352367073 0.4068879914047934 0.2632795866286668 0.405932294419697 0.2658330895107212 0.4068879914047934
0 0.2866642972327444 0.4090383096212603 0.2842451892392191 0.41214432482282365 0.2814228965801063 0.4185952794722243 0.2777942345898184 0.41668388550203156 0.2769878652586433 0.4142946430392906 0.27792862947834757 0.4097550823600826 0.2783318141439351 0.4066490671585193 0.2820948710227522 0.4064101429122452 0.2850515585703942 0.4078436883898898
0 0.30480760718418387 0.4138167945467423 0.3017165247480127 0.41763958248712796 0.2987598372003707 0.42122344618123947 0.29795346786919563 0.4190731279647725 0.2974158883150789 0.4152503400243869 0.29795346786919563 0.41286109756164585 0.298222257646254 0.4087993853749862 0.29835665253478316 0.4076047641436157 0.30225410430212946 0.41047185509890494
0 0.32039741425356894 0.4200288249498689 0.31381206471563905 0.4240905371365287 0.31018340272535116 0.4219402189200617 0.3089738487285885 0.4178785067334021 0.3109897720565262 0.41668388550203156 0.3126025107188764 0.41572818851693516 0.3124681158303472 0.4126221733153719 0.3140808544926974 0.41214432482282365 0.3155591982665184 0.4142946430392905
0 0.3363904059885416 0.4205066734424171 0.3332993235523704 0.4221791431663358 0.33114900533590347 0.4262408553529956 0.33020824111619923 0.42671870384554383 0.3283267126767907 0.42241806741261 0.3303426360047284 0.4190731279647726 0.3299394513391409 0.41644496125575736
0 0.3530553721661601 0.4207455976886912 0.35265218750057253 0.4228959159051582 0.349292315287343 0.4257630068604474 0.34700760218234694 0.4243294613828027 0.3441853095232341 0.4243294613828027 0.34458849418882165 0.4162060370094834 0.3476795766249928 0.4171617339945798 0.34956110506440136 0.4190731279647726
0 0.36931715367819107 0.4236126886439805 0.367032440573195 0.4252851583678991 0.3642101479140822 0.4252851583678991 0.3612534603664402 0.4252851583678991 0.3603126961467359 0.4248073098753509 0.3597751165926192 0.4197899007035948 0.36004390636967754 0.4171617339945798 0.36205982969761524 0.4162060370094833 0.36595728146496154 0.4188342037184985
0 0.3845037760819886 0.4250462341216251 0.3815470885343466 0.4286300978157365 0.3793967703178797 0.43054149178592943 0.37778403165552954 0.42863009781573663 0.37751524187847113 0.4262408553529956 0.37818721632111707 0.4233737643977064 0.37832161120964625 0.42026774919614307 0.37899358565229213 0.4188342037184984 0.3806063243146423 0.4188342037184984
0 0.4006311627054903 0.4257630068604473 0.3994216087087278 0.4300636432933812 0.3961961313840274 0.43197503726357395 0.3949865773872648 0.43125826452475174 0.391492310285506 0.43125826452475174 0.39122352050844766 0.42671870384554383 0.39377702339050213 0.4248073098753509 0.39418020805608966 0.42098452193496533 0.3976744751578484 0.4250462341216251
0 0.41581778510928785 0.42552408261417324 0.4123235180075292 0.4298247190471071 0.4109795691222374 0.43316965849494454 0.4099044100140039 0.43316965849494454 0.4073509071319495 0.42958579480083303 0.4084260662401829 0.42671870384554383 0.40909804068282885 0.4231348401514322 0.4095012253484164 0.42122344618123947 0.4123235180075292 0.4238516128902546
0 0.43302033084102315 0.4238516128902545 0.43140759217867297 0.4317361130172999 0.42898848418514773 0.42934687055455883 0.42562861197191815 0.4276744008306401 0.4246878477522139 0.42647977959926964 0.42441905797515556 0.4236126886439805 0.4268381659686808 0.4224180674126099
0 0.4490133225759958 0.4300636432933812 0.44551905547423704 0.43794814342042654 0.4422935781495367 0.43412535548004094 0.44041204971012815 0.43340858274121863 0.4401432599330698 0.4288690220620107 0.4406808394871865 0.42552408261417324 0.4422935781495367 0.4226569916588841 0.44498147592012033 0.4257630068604473 0.44699739924805804 0.4279133250769142
0 0.4646031296453808 0.4305414917859293 0.463931155202735 0.43508105246513723 0.46016809832391786 0.43794814342042654 0.45667383122215915 0.43508105246513723 0.45492669767127975 0.43484212821886314 0.45519548744833815 0.4291079463082848 0.45667383122215915 0.42671870384554383 0.45828656988450933 0.4250462341216251
0 0.4799241469377075 0.4288690220620106 0.4797897520491784 0.4329307342486704 0.47817701338682816 0.43603674945023363 0.4732044025112485 0.4336475069874927 0.47239803318007345 0.42863009781573663 0.47212924340301504 0.4238516128902546 0.4761610900588905 0.4250462341216251
0 0.496589113115326 0.4269576280918178 0.49672350800385523 0.43245288575612223 0.4929604511250382 0.43508105246513734 0.4886598146921044 0.4326918100023963 0.48771905047240016 0.42863009781573663 0.4873158658068126 0.4238516128902545 0.49027255335445447 0.4236126886439805 0.49322924090209647 0.4257630068604474 0.496589113115326 0.4264797795992697