1 0.26403985507246375 0.3969404186795491 0.29438405797101447 0.3969404186795491 0.33016304347826086 0.4033816425120773 0.4723731884057971 0.41223832528180354 0.49773550724637683 0.40982286634460546 0.5190217391304348 0.40177133655394526 0.5203804347826086 0.4057971014492754 0.5190217391304348 0.427536231884058 0.5117753623188406 0.45491143317230276 0.5072463768115942 0.5169082125603864 0.5072463768115942 0.5531400966183575 0.5004528985507246 0.6086956521739131 0.4913949275362319 0.6256038647342995 0.48233695652173914 0.6312399355877617 0.4701086956521739 0.6336553945249598 0.40353260869565216 0.6352657004830918 0.35643115942028986 0.6272141706924316 0.25317028985507245 0.6247987117552335 0.2513586956521739 0.6207729468599034 0.25317028985507245 0.5990338164251208 0.25226449275362317 0.5458937198067633 0.24682971014492755 0.46859903381642515 0.24048913043478262 0.4492753623188406 0.23097826086956522 0.44122383252818037 0.22826086956521738 0.4194847020933977 0.23822463768115942 0.40499194847020936
0 0.26429188109782914 0.40584499845758254 0.264134658087063 0.4175843165947854 0.26759356432391745 0.4175843165947854 0.27325359271149735 0.41171465752618397 0.2686941253992802 0.4078015514804497 0.26413465808706305 0.40556549088288724
0 0.2878753327127455 0.41003761207801215 0.2847308724974233 0.40612450603227784 0.2792280671206095 0.4050064757334966 0.28111474324980285 0.41087613480209806 0.27891362109907725 0.4178638241694806 0.28331586540052833 0.4159072711466135
0 0.30579875594008193 0.4136712105490511 0.303125964757058 0.4097581045033168 0.2969942673371798 0.40724253633105906 0.2982520514233087 0.41143514995148867 0.2966798213156476 0.4192613620429572 0.30155373464939694 0.4173048090200901
0 0.3208921649736284 0.4195408696176525 0.3150749135752823 0.4119941651008793 0.3130310144353229 0.41171465752618397 0.31381712948915347 0.41478924084783236 0.3128737914245568 0.4175843165947854 0.3116160073384279 0.42037939234173843 0.31507491357528233 0.42289496051399617 0.3177477047583062 0.42261545293930086 0.3205777189520962 0.4198203771923478
0 0.336142797017941 0.42037939234173843 0.32843886949040163 0.4156277635719182 0.32953943056576435 0.4192613620429572 0.3268666393827405 0.4234539756633868 0.32969665357653044 0.42708757413442566 0.33315555981338485 0.4242924983874726
0 0.35280843615914853 0.4195408696176525 0.34431839357777855 0.4153482559972229 0.3446328395993108 0.4212179150658243 0.3427461634701175 0.42457200596216793 0.34463283959931085 0.42680806655973036 0.347777299814633 0.4254105286862539 0.34950675293306016 0.42848511200790224 0.35217954411608404 0.4251310211115586
0 0.3696312983111222 0.42261545293930086 0.36554350003120334 0.41646628629600413 0.36082680970822 0.41478924084783236 0.35909735658979286 0.4212179150658243 0.3598834716436234 0.4262490514103398 0.3633423778804778 0.4251310211115586 0.3661723920742677 0.42708757413442566
0 0.38566804540926525 0.4262490514103398 0.38158024712934635 0.4198203771923478 0.3779641178817259 0.41926136204295716 0.3768635568063632 0.42485151353686323 0.3796935710001531 0.4315596953295506 0.38158024712934646 0.4293236347319882
0 0.40091867745357784 0.4259695438356445 0.3971453251951912 0.4240129908127773 0.39494420304446565 0.42317446808869147 0.39400086497986897 0.4259695438356445 0.3916425198183774 0.42792609685851163 0.39494420304446565 0.43351624835241775 0.3991892243351506 0.43072117260546466 0.4009186774535778 0.4273670817091211
0 0.41632653250865653 0.4251310211115586 0.41192428820720545 0.4223359453646055 0.40783648992728666 0.42037939234173843 0.4089370510026494 0.4262490514103398 0.40563536777656106 0.43128018775485527 0.4100376120780122 0.43295723320302715 0.41239595723950384 0.4340752635018083 0.4128676262718021 0.43072117260546466
0 0.43346384068216237 0.4240129908127773 0.4252882441223247 0.4203793923417383 0.42308712197159914 0.42848511200790224 0.4265460282084536 0.42708757413442566 0.4290615963807113 0.43491378622589427 0.43189161057450126 0.43100068018015997 0.43362106369292847 0.4259695438356445
0 0.4484000267049427 0.4301621574560741 0.44321166734966116 0.4234539756633868 0.44148221423123396 0.42317446808869147 0.44038165315587113 0.43267772562833173 0.44446945143579 0.4343547710765036 0.4466705735865155 0.43714984682345664
0 0.46459399681385194 0.4296031423066835 0.4568900692863126 0.4237334832380821 0.4568900692863126 0.4293236347319882 0.45468894713558705 0.4349137862258942 0.4594056374585703 0.4354728013752849 0.4611350905769975 0.4379883695475426 0.46569455788921466 0.4346342786511989
0 0.48047352090122897 0.4296031423066835 0.47387015444905234 0.4234539756633868 0.47229792434139134 0.42848511200790224 0.4729268163844557 0.4349137862258942 0.4757568305782456 0.4340752635018084 0.4767001686428423 0.4377088619728473 0.4798446288581645 0.4343547710765037 0.4800018518689306 0.4298826498813788
0 0.49509526090247713 0.42680806655973036 0.48833467143953446 0.4234539756633868 0.48802022541800216 0.43295723320302715 0.4891207864933649 0.4349137862258942 0.4916363546656227 0.4343547710765036 0.49273691574098544 0.43742935439815206 0.4955669299347754 0.43295723320302715