1 0.5430253623188406 0.37359098228663445 0.5466485507246377 0.3743961352657005 0.5520833333333334 0.39533011272141705 0.5692934782608695 0.4307568438003221 0.5683876811594203 0.47342995169082125 0.5647644927536232 0.5112721417069244 0.5643115942028986 0.5587761674718197 0.5588768115942029 0.6288244766505636 0.5534420289855072 0.6481481481481481 0.5430253623188406 0.6658615136876006 0.5344202898550725 0.6706924315619968 0.4651268115942029 0.6706924315619968 0.3845108695652174 0.677133655394525 0.3278985507246377 0.6867954911433173 0.29347826086956524 0.6996779388083736 0.2758152173913043 0.6980676328502415 0.2703804347826087 0.6940418679549114 0.2653985507246377 0.6843800322061192 0.26268115942028986 0.6561996779388084 0.2536231884057971 0.6014492753623188 0.25407608695652173 0.5789049919484702 0.25 0.5595813204508857 0.24547101449275363 0.49114331723027377 0.2368659420289855 0.44847020933977455 0.23097826086956522 0.43800322061191627 0.223731884057971 0.43397745571658614 0.22192028985507245 0.42995169082125606 0.22826086956521738 0.4146537842190016 0.264945652173913 0.3888888888888889 0.2803442028985507 0.3888888888888889 0.31431159420289856 0.39855072463768115 0.3319746376811594 0.39855072463768115 0.4624094202898551 0.38486312399355876 0.5230978260869565 0.38405797101449274 0.5375905797101449 0.38003220611916266
0 0.27287262926233324 0.41146740082549194 0.27241910134666186 0.4184550901928745 0.26652323844293274 0.41576751735926587 0.263197367061342 0.4144237309424615 0.26259266317378005 0.4085110707085224 0.263499719005123 0.4039421968913876 0.2653138306678089 0.4025984104745832 0.2680349981618377 0.40797355614180064 0.270907341627757 0.4106611289754093
0 0.29282785755187785 0.4163050319259876 0.29267668157998744 0.42221769215992677 0.2888972822827252 0.4246365077101745 0.28647846673247734 0.4240989931434528 0.28466435506979154 0.4219489348765658 0.28300141937899603 0.42060514845976155 0.2826990674352151 0.4187238474762354 0.28360612326655804 0.41576751735926587 0.2860249388168059 0.4146924882258224 0.28693199464814884 0.41388621637573975 0.2875366985357108 0.41039237169204845 0.29343256143943985 0.4165737892093485
0 0.31565542930734175 0.41899260475959627 0.31535307736356083 0.42356147857673115 0.3106666222349556 0.4283991096772268 0.3067360469658029 0.42678656597706155 0.3041660554436646 0.4259802941269789 0.3040148794717741 0.42356147857673115 0.30537546321878856 0.4208739057431224 0.30779427876903637 0.41926136204295716 0.30764310279714585 0.4149612455091833 0.3074919268252554 0.413348701809018 0.3156554293073418 0.41899260475959627
0 0.3366688894001198 0.42033639117640065 0.33561065759688635 0.4230239640100093 0.32986597066504786 0.4262490514103398 0.3294124427493763 0.42248644944328756 0.3298659706650478 0.4179175756261529 0.32865656288992384 0.41388621637573975 0.3337965459342005 0.415498760075905
0 0.35737999754911687 0.4187238474762355 0.35526353394265 0.4219489348765659 0.35087943075782585 0.4254427795602573 0.34755355937623506 0.42544277956025717 0.3483094392356875 0.4208739057431224 0.348158263263797 0.4149612455091833 0.34785591132001603 0.41227367267557463 0.35375177422374515 0.4163050319259876
0 0.3770328738948805 0.41738006105943115 0.3750675862603042 0.4208739057431224 0.3731022986257278 0.42248644944328767 0.370078779187918 0.42356147857673115 0.36917172335657505 0.42356147857673115 0.3685670194690131 0.41845509019287463 0.3687181954409036 0.41738006105943115 0.3685670194690131 0.4130799445256572 0.3681134915533416 0.4101236144086876 0.37249759473816585 0.41200491539221373 0.376579345979209 0.41388621637573975
0 0.39729045412820607 0.41227367267557463 0.39472046260606775 0.41711130377607025 0.3919992951120389 0.4208739057431224 0.3897316555336816 0.4208739057431224 0.3879175438709957 0.4200676338930398 0.3876151919272148 0.4179175756261529 0.3897316555336816 0.415498760075905 0.39018518344935305 0.41200491539221373 0.3895804795617911 0.4087798279918832 0.389882831505572 0.4085110707085224
0 0.41996684991177946 0.4087798279918832 0.4152803947831743 0.41711130377607025 0.4119545234015835 0.4149612455091833 0.41014041173889765 0.41415497365910064 0.40908217993566426 0.4122736726755745 0.4092333559075547 0.4101236144086876 0.40908217993566426 0.4058234978749137 0.40908217993566426 0.40474846874147025
0 0.4391661983418716 0.4087798279918832 0.43523562307271885 0.4163050319259876 0.4319097516911281 0.4109298862587702 0.43115387183167575 0.4103923716920485 0.4314562237754566 0.4039421968913876
0 0.4589702506595257 0.40528598330819193 0.45897025065952574 0.4103923716920485 0.4567026110811684 0.413348701809018 0.4535279156714681 0.4111986435421311 0.45292321178390615 0.4090485852752441 0.4526208598401252 0.40555474059155283 0.4527720358120157 0.4025984104745832
0 0.48028606269608476 0.40689852700835716 0.47620431145504144 0.4125424299589355 0.47423902382046523 0.41173615810885283 0.47318079201723173 0.4082423134251615 0.4727272641015602 0.4058234978749137 0.47408784784857466 0.4028671677579441 0.4752972556236986 0.4015233813411398
0 0.5008459948731913 0.40770479885843974 0.5009971708450818 0.4146924882258224 0.4981248273791624 0.419798876609679 0.49298484433488576 0.415498760075905 0.4926824923911049 0.4146924882258224 0.4935895482224478 0.40931734255860497 0.4937407241943383 0.4058234978749137 0.4935895482224478 0.40313592504130497
0 0.5239759185724361 0.4125424299589355 0.5200453433032834 0.41603627464262677 0.5173241758092546 0.41281118724229626 0.5149053602590068 0.4122736726755745 0.5120330167930874 0.41254242995893536 0.512184192764978 0.41146740082549194 0.5141494803995544 0.40689852700835716 0.5144518323433352 0.4012546240577789 0.5241270945443267 0.413348701809018
0 0.5395470436771566 0.40313592504130497 0.5407564514522805 0.4082423134251615 0.5418146832555139 0.41066112897540935 0.5422682111711854 0.41200491539221373 0.5415123313117328 0.41603627464262677 0.540302923536609 0.417648818342792 0.5366747002112372 0.41684254649270935 0.5342558846609894 0.41603627464262677 0.533802356745318 0.41281118724229626 0.5353141164642229 0.4087798279918832 0.5363723482674563 0.40313592504130497