1 0.5394021739130435 0.3784219001610306 0.5466485507246377 0.38003220611916266 0.552536231884058 0.3977455716586151 0.5606884057971014 0.40418679549114334 0.5688405797101449 0.4251207729468599 0.5661231884057971 0.43800322061191627 0.5656702898550725 0.49597423510466987 0.5625 0.5064412238325282 0.5643115942028986 0.5394524959742351 0.5634057971014492 0.572463768115942 0.5575181159420289 0.6127214170692431 0.5579710144927537 0.6304347826086957 0.5543478260869565 0.643317230273752 0.542572463768116 0.6658615136876006 0.5366847826086957 0.6682769726247987 0.5217391304347826 0.6658615136876006 0.47146739130434784 0.6666666666666666 0.4270833333333333 0.6723027375201288 0.3795289855072464 0.6739130434782609 0.3374094202898551 0.6803542673107891 0.3138586956521739 0.6884057971014492 0.3016304347826087 0.6876006441223832 0.29393115942028986 0.6940418679549114 0.2826086956521739 0.6956521739130435 0.2740036231884058 0.6956521739130435 0.2694746376811594 0.6900161030595813 0.259963768115942 0.6344605475040258 0.25905797101449274 0.6167471819645732 0.25407608695652173 0.5958132045088567 0.25679347826086957 0.5756843800322061 0.2504528985507246 0.5523349436392915 0.2509057971014493 0.5362318840579711 0.24728260869565216 0.5096618357487923 0.24818840579710144 0.48711755233494364 0.24139492753623187 0.4677938808373591 0.2391304347826087 0.4468599033816425 0.23550724637681159 0.4428341384863124 0.2269021739130435 0.4444444444444444 0.22192028985507245 0.43800322061191627 0.22010869565217392 0.42995169082125606 0.22146739130434784 0.4243156199677939 0.23007246376811594 0.42028985507246375 0.2318840579710145 0.40901771336553944 0.23550724637681159 0.4033816425120773 0.24365942028985507 0.3969404186795491 0.2708333333333333 0.38486312399355876 0.2875905797101449 0.39049919484702095 0.2966485507246377 0.3896940418679549 0.3070652173913043 0.394524959742351 0.3269927536231884 0.3969404186795491 0.379981884057971 0.38727858293075684 0.4067028985507246 0.38808373590982287 0.4180253623188406 0.3832528180354267 0.4796195652173913 0.38003220611916266 0.5058876811594203 0.3832528180354267
0 0.27377968509367623 0.41281118724229626 0.27226792537477135 0.41738006105943115 0.26758147024616613 0.41845509019287463 0.26198795928621804 0.41066112897540935 0.26697676635860423 0.4074360415750789
0 0.29388608935511135 0.4179175756261528 0.2925255056080969 0.42168017759320503 0.2870831706200393 0.4240989931434529 0.2834549472946675 0.42168017759320503 0.28194318757576264 0.41818633290951374 0.28693199464814884 0.41281118724229626 0.2905602179735206 0.41146740082549194
0 0.3159577812511227 0.41899260475959627 0.31580660527923227 0.4230239640100093 0.31293426181331296 0.4270553232604224 0.3096083904317222 0.4262490514103398 0.3068872229376934 0.4249052649935354 0.30567781516256953 0.42168017759320503 0.30809663071281734 0.419530119326318 0.30764310279714585 0.41415497365910064
0 0.3374247692595722 0.42033639117640065 0.3368200653720103 0.42329272129337026 0.3297147946931573 0.4259802941269789 0.3291100908055954 0.4230239640100094 0.3300171466369383 0.419530119326318 0.3291100908055954 0.415498760075905
0 0.35662411768966434 0.4176488183427919 0.3563217657458834 0.42168017759320503 0.35360059825185464 0.42436775042681374 0.3526935424205117 0.42651780869370065 0.34755355937623506 0.4246365077101745 0.34755355937623506 0.42168017759320503 0.348460615207578 0.4187238474762354 0.3492164950670304 0.4146924882258224 0.3531470703361831 0.41711130377607025
0 0.37763757778244234 0.4146924882258224 0.37688169792299003 0.4184550901928745 0.37355582654139924 0.42168017759320503 0.3721952427943849 0.42329272129337026 0.369776427244137 0.4230239640100094 0.36826466752523207 0.4208739057431225 0.36917172335657505 0.4165737892093485 0.3699276032160275 0.4146924882258225 0.36811349155334155 0.4085110707085224 0.37461405834463263 0.4122736726755745
0 0.39744163010009653 0.4120049153922137 0.39547634246552016 0.41630503192598756 0.3926039989996009 0.4200676338930398 0.3906387113650245 0.4187238474762355 0.39078988733691505 0.4136174590923789 0.38912695164611966 0.4090485852752441
0 0.41936214602421745 0.40985485712532677 0.41633862658640775 0.4136174590923789 0.4148268668675028 0.4184550901928745 0.40908217993566426 0.41523000279254413 0.4102915877107881 0.4122736726755745 0.4107451156264596 0.40958609984196587 0.40847747604810225 0.40421095417474845 0.40953570785133564 0.4023296531912223 0.4148268668675028 0.4077047988584398
0 0.4385614944543096 0.4087798279918832 0.4361426789040618 0.41227367267557463 0.433723863353814 0.41200491539221373 0.43160739974734713 0.40958609984196587 0.4317585757192376 0.40367343960802676 0.4343285672413759 0.4036734396080267
0 0.45912142663141614 0.40528598330819193 0.4583655467719638 0.40958609984196587 0.4557955552498254 0.4136174590923789 0.4533767396995776 0.413348701809018 0.45186497998067277 0.413348701809018 0.45201615595256317 0.40851107070852244 0.4518649799806727 0.40474846874147025 0.45398144358713954 0.4023296531912223
0 0.48013488672419424 0.4063610124416354 0.47832077506150833 0.4098548571253267 0.4746925517361366 0.41039237169204845 0.4730296160453413 0.4101236144086876 0.47197138424210777 0.4058234978749137 0.4725760881296697 0.4028671677579441 0.47439019979235564 0.4012546240577789
0 0.5006948189013007 0.40770479885843974 0.5000901150137388 0.41576751735926587 0.49736894751971 0.41711130377607025 0.49434542808190024 0.4165737892093485 0.49283366836299536 0.4136174590923789 0.49283366836299536 0.4101236144086876 0.49434542808190024 0.4036734396080267
0 0.5144518323433352 0.40313592504130497 0.512184192764978 0.4130799445256572 0.5165682959498021 0.41173615810885283 0.5195918153876119 0.415498760075905 0.5232200387129837 0.41576751735926587 0.5221618069097503 0.40931734255860497
0 0.5386399878458137 0.40313592504130497 0.5366747002112372 0.4036734396080267 0.5360699963236754 0.41092988625877025 0.533197652857756 0.41388621637573975 0.5331976528577561 0.41576751735926587 0.5357676443798944 0.41576751735926587 0.540000571592828 0.417648818342792 0.541814683255514 0.41388621637573975 0.5406052754803901 0.4103923716920485