1 0.7481884057971014 0.3309178743961353 0.7540760869565217 0.3325281803542673 0.7563405797101449 0.33735909822866345 0.7554347826086957 0.3494363929146538 0.7490942028985508 0.3607085346215781 0.7504528985507246 0.38808373590982287 0.7477355072463768 0.3961352657004831 0.7463768115942029 0.41545893719806765 0.7413949275362319 0.42673107890499196 0.7423007246376812 0.44363929146537845 0.7459239130434783 0.4605475040257649 0.7445652173913043 0.5209339774557166 0.7522644927536232 0.5523349436392915 0.7509057971014492 0.573268921095008 0.7527173913043478 0.5885668276972624 0.748641304347826 0.5974235104669887 0.751358695652174 0.6086956521739131 0.751358695652174 0.643317230273752 0.7427536231884058 0.6690821256038647 0.7377717391304348 0.6755233494363929 0.7364130434782609 0.6755233494363929 0.7359601449275363 0.6586151368760065 0.7336956521739131 0.6529790660225443 0.7151268115942029 0.643317230273752 0.6902173913043478 0.642512077294686 0.6639492753623188 0.6368760064412239 0.6105072463768116 0.6360708534621579 0.44972826086956524 0.6497584541062802 0.4438405797101449 0.6465378421900161 0.43342391304347827 0.6223832528180354 0.4311594202898551 0.6127214170692431 0.42844202898550726 0.4855072463768116 0.42391304347826086 0.43719806763285024 0.42391304347826086 0.42351046698872785 0.4270833333333333 0.41626409017713367 0.4316123188405797 0.3888888888888889 0.4311594202898551 0.3808373590982287 0.42617753623188404 0.37278582930756843 0.42844202898550726 0.3639291465378422 0.4329710144927536 0.3607085346215781 0.4483695652173913 0.36312399355877617 0.463768115942029 0.3711755233494364 0.4773550724637681 0.36231884057971014 0.4855072463768116 0.36553945249597425 0.5036231884057971 0.3647342995169082 0.5122282608695652 0.35990338164251207 0.5249094202898551 0.36231884057971014 0.5543478260869565 0.35909822866344604 0.6028079710144928 0.3607085346215781 0.6127717391304348 0.355877616747182 0.6231884057971014 0.35909822866344604 0.6585144927536232 0.357487922705314 0.667572463768116 0.35990338164251207 0.676177536231884 0.35668276972624796 0.708786231884058 0.35426731078904994 0.730072463768116 0.3462157809983897 0.7423007246376812 0.34541062801932365 0.7445652173913043 0.3438003220611916 0.7454710144927537 0.33494363929146537
0 0.4509974655604828 0.3783176365049342 0.4537946826655812 0.37831763650493433 0.4531491710259432 0.38405551774616187 0.4555160470379495 0.38788077190698017 0.4550857059448575 0.39323612773212585 0.4527188299328511 0.3947662293964532 0.4514278066535749 0.39782643272510787 0.4479850779088384 0.39859148355727153 0.4492761011881146 0.3947662293964532 0.45035195392084476 0.39285360231604405 0.45056712446739083 0.38826329732306203 0.4507822950139368 0.38367299233008
0 0.4740207140409083 0.3771700602566888 0.46519872163252096 0.3855856194104892 0.4667049154583432 0.39285360231604405 0.47079315584271786 0.39208855148388033 0.47186900857544795 0.3890283481552257 0.4744510551340004 0.38749824649089837 0.4755269078667305 0.3894108735713075 0.47638759005291464 0.3855856194104892
0 0.49553776869551136 0.3764050094245251 0.4884371406594924 0.376787534840607 0.4888674817525845 0.3890283481552257 0.49317089268350517 0.38979339898738935 0.49424674541623526 0.38826329732306203 0.4981198152540639 0.38673319565873465 0.4959681097886036 0.38214289066575263
0 0.5159789706173846 0.3737273315119523 0.5078024898486353 0.37755258567277067 0.5099541953140957 0.38635067024265285 0.5129665829657402 0.38482056857832553 0.5138272651519242 0.3821428906657527 0.5155486295242925 0.381377839833589
0 0.5362050019927114 0.3702846027672157 0.5291043739566924 0.37410985692803417 0.5291043739566924 0.38405551774616187 0.5312560794221528 0.38520309399440733 0.5351291492599813 0.38137783983358897
0 0.5566462039145845 0.37104965359937947 0.5491152347854734 0.37487490776019783 0.5497607464251115 0.38520309399440733 0.5532034751698481 0.3794652127531798 0.5568613744611305 0.3802302635853435
0 0.5779480880226416 0.3691370265189703 0.565898537416064 0.37487490776019783 0.5676199017884322 0.37831763650493433 0.5699867778004385 0.3794652127531798 0.5719233127193528 0.3855856194104892 0.5760115531037274 0.3794652127531798
0 0.5973134372117846 0.37296228067978865 0.5895672975361274 0.37487490776019783 0.5884914448033973 0.3783176365049343 0.5919341735481338 0.38099531441750717 0.5947313906532322 0.3825254160818345 0.5983892899445147 0.3794652127531798
0 0.6166787864009272 0.3683719756868065 0.6121602049234608 0.3695195519350521 0.6089326467252703 0.37640500942452515 0.6085023056321782 0.38099531441750717 0.6123753754700069 0.38290794149791635 0.6166787864009273 0.3794652127531798 0.6175394685871116 0.37525743317627963
0 0.6379806705089844 0.37296228067978854 0.6293738486471433 0.3729622806797886 0.6291586781005972 0.38176036524967083 0.634537941764248 0.38176036524967083 0.6379806705089845 0.3794652127531798
0 0.6564853375119434 0.3687545011028885 0.647878515650102 0.37449238234411597 0.6483088567431942 0.38443804316224367 0.6571308491515815 0.3771700602566888 0.6556246553257592 0.37410985692803417
0 0.6792934154458228 0.36569429777423373 0.6683197175719751 0.37104965359937947 0.6698259113977973 0.3794652127531798 0.6719776168632575 0.3794652127531798 0.674344492875264 0.3756399585923615 0.6771417099803624 0.37525743317627963 0.6797237565389147 0.3760224840084433 0.6803692681785528 0.3714321790154613
0 0.6995194468211495 0.36378167069382455 0.6906974544127624 0.36990207735113395 0.6909126249593084 0.3798477381692617 0.6952160358902291 0.3741098569280341 0.701455981740064 0.37525743317627963
0 0.7233132900640554 0.3632795379748445 0.711572552602146 0.36974004959409623 0.7108736991817944 0.3769460048617231 0.7128304887587794 0.37744296729397325 0.7143679662835531 0.3729703054037221 0.7182815454375229 0.37197638053922183 0.7212167298030003 0.36974004959409623