1 0.741088396001669 0.34705807092342705 0.7455097586212293 0.3546159557431881 0.7483567345901629 0.36312399355877617 0.7501683287930615 0.38486312399355876 0.7465451403872644 0.3969404186795491 0.7456393432858152 0.41626409017713367 0.7415632563292934 0.4227053140096618 0.7402045606771195 0.42995169082125606 0.7456393432858152 0.46618357487922707 0.743374850532192 0.5185185185185185 0.7510741258945108 0.5515297906602254 0.7497154302423369 0.572463768115942 0.7515270244452354 0.5877616747181964 0.7483567345901629 0.5966183574879227 0.7506212273437861 0.6095008051529791 0.7506212273437861 0.643317230273752 0.7411103577785688 0.6690821256038647 0.7365813722713224 0.6666666666666666 0.7356755751698731 0.6505636070853462 0.73341108241625 0.6473429951690821 0.710766154880018 0.642512077294686 0.6537009374887137 0.6376811594202898 0.6111284737205978 0.6376811594202898 0.45034948821335136 0.6473429951690821 0.4417444157495833 0.643317230273752 0.4376683287930615 0.6352657004830918 0.4322335461843659 0.6127214170692431 0.4326864447350905 0.5885668276972624 0.42996905343074265 0.5555555555555556 0.43087485053219193 0.48389694041867953 0.4277045606771195 0.4669887278582931 0.42453427082204703 0.42592592592592593 0.42861035777856876 0.40499194847020936 0.43313934328581516 0.3977455716586151 0.4326864447350905 0.3896940418679549 0.4315930126324543 0.38545212580781313 0.4324432746746774 0.3794058179520043 0.4361844276604591 0.3724525639178241 0.4412915171988586 0.3711755233494364 0.4421973143003079 0.36553945249597425 0.4476320969090036 0.3639291465378422 0.4566900679234963 0.37037037037037035 0.4634835461843659 0.3711755233494364 0.4725415171988586 0.36312399355877617 0.48748716937277164 0.3663446054750403 0.503338618648134 0.3647342995169082 0.5123965896626267 0.35990338164251207 0.5255306476336412 0.36312399355877617 0.5721791983582789 0.35909822866344604 0.6011647056046557 0.36231884057971014 0.6115813722713224 0.355877616747182 0.6238096331408876 0.35990338164251207 0.6518893432858152 0.357487922705314 0.6677407925611775 0.35990338164251207 0.6772516621263949 0.355877616747182 0.7243531114017572 0.35185185185185186 0.7325052853148006 0.34541062801932365
0 0.45472014018092305 0.3930100106275741 0.45284956368803225 0.39301001062757424 0.4506388823782521 0.3975447415194308 0.44961856792758437 0.39694011073384994 0.4509789871951414 0.39059148748525063 0.45165919682891986 0.3857544412006036 0.45386987813869994 0.3857544412006036
0 0.47461627196894396 0.37819655638084243 0.4649232846876006 0.38545212580781313 0.46662380877204673 0.39331232602036464 0.4708751189831623 0.39331232602036464 0.47308580029294245 0.38696370277176534 0.4763167960533903 0.39028917209246017 0.47699700568716874 0.3872660181645558 0.47648684846183487 0.38182434109432783
0 0.49485250857385427 0.37487108706014766 0.4882204646445139 0.3778942409880521 0.48839051705295855 0.39331232602036464 0.4936621417147419 0.3890799105212985 0.4965530326583004 0.38666138737897493 0.49876371396808056 0.38666138737897493 0.4955327182076327 0.3818243410943279
0 0.5157689548125428 0.37215024852503364 0.5076064392072009 0.3803127641303756 0.5087968060663134 0.3872660181645558 0.5127080114605398 0.3863590719861844 0.5147486403618752 0.3830336026654896 0.5164491644463214 0.3824289718799087 0.5162791120378768 0.375778033238519
0 0.5368554534596761 0.3718479331322432 0.5307335667556697 0.3736618254889859 0.5293731474881128 0.38545212580781313 0.5329442480654499 0.38635907198618447 0.5356650866005639 0.38273128727269917 0.5370255058681208 0.38091739491595655
0 0.5548810087548063 0.36973172538271015 0.5492692792761338 0.3724525639178241 0.5492692792761337 0.3836382334510705 0.553690641895694 0.3806150795231661 0.5576018472899202 0.378498871773633
0 0.5749471929512718 0.36973172538271015 0.5688253062472655 0.3709409869538719 0.5671247821628191 0.37668497941689033 0.5681450966134869 0.3821266564871183 0.5729065640499365 0.3830336026654896 0.5727365116414918 0.38031276413037557 0.5780081363032751 0.3788011871664234 0.5793685555708321 0.37517340245293807 0.5783482411201644 0.3727548793106146
0 0.5980743204997406 0.3700340407755006 0.5880412284015079 0.37608034863130946 0.5895717000775095 0.38454517962944185 0.591612328978845 0.3872660181645558 0.5948433247392928 0.3803127641303756 0.597904268091296 0.3815220257015374 0.597904268091296 0.37759192559526167 0.597904268091296 0.37426645627456684
0 0.6157597709779815 0.3700340407755006 0.608277465006418 0.37577803323851905 0.6104881463161981 0.38484749502223226 0.6132089848513121 0.38484749502223226 0.6149095089357584 0.38273128727269917 0.6181405046962063 0.38152202570153737 0.6174602950624277 0.3736618254889859
0 0.6307243829211082 0.38575444120060354 0.6327650118224438 0.38273128727269917 0.6388868985264502 0.3809173949159565 0.6383767413011163 0.37335951009619545 0.6370163220335594 0.3706386715610815 0.6337853262731116 0.3727548793106146 0.6312345401464422 0.3727548793106146 0.6293639636535513 0.3772896102024712 0.6288538064282175 0.38273128727269917
0 0.6496002002584614 0.38212665648711824 0.6531713008357987 0.3806150795231661 0.6558921393709126 0.38001044873758516 0.658442925497582 0.3791035025592139 0.6569124538215804 0.3751734024529381 0.6569124538215804 0.3700340407755006 0.6569124538215804 0.36701088684759625 0.6526611436104648 0.3700340407755006 0.6496002002584615 0.37335951009619545 0.6473895189486815 0.37335951009619545 0.6473895189486816 0.3794058179520043
0 0.6691562272295932 0.3721502485250337 0.6698364368633717 0.3788011871664234 0.6718770657647073 0.38001044873758516 0.6740877470744873 0.37940581795200434 0.6769786380180459 0.37638266402409987 0.6795294241447153 0.37638266402409987 0.67969947655316 0.370336356168291 0.67969947655316 0.36610394066922486 0.6751080615251551 0.36791783302596753 0.6722171705815965 0.3697317253827102 0.6698364368633718 0.37245256391782416
0 0.7009560276087378 0.3766849794168904 0.6975549794398453 0.37456877166735725 0.6950041933131761 0.37487108706014766 0.6926234595949513 0.3803127641303756 0.6910929879189497 0.3803127641303756 0.6907528831020605 0.37245256391782416 0.6912630403273944 0.3691270945971293 0.6980651366651792 0.36670857145480573 0.7006159227918486 0.3651969944908536 0.7019763420594055 0.3691270945971293 0.7014661848340716 0.37426645627456684
0 0.7189815829038679 0.36761551763317707 0.7137099582420846 0.3679178330259675 0.7116693293407491 0.3727548793106146 0.7096287004394136 0.38152202570153737 0.7106490148900814 0.38484749502223226 0.7128596961998616 0.3845451796294418 0.7131998010167507 0.3791035025592139 0.7131998010167507 0.37608034863130946 0.7154104823265308 0.3715456177394528