1 0.7463768115942029 0.3438003220611916 0.7495471014492754 0.38486312399355876 0.7441123188405797 0.42995169082125606 0.7454710144927537 0.5201288244766505 0.751358695652174 0.5563607085346216 0.7509057971014492 0.6264090177133655 0.7463768115942029 0.6489533011272142 0.7336956521739131 0.6529790660225443 0.7246376811594203 0.6481481481481481 0.697463768115942 0.643317230273752 0.6390398550724637 0.6384863123993558 0.551177536231884 0.6409017713365539 0.4542572463768116 0.6489533011272142 0.44429347826086957 0.6457326892109501 0.43931159420289856 0.6368760064412239 0.43342391304347827 0.6127214170692431 0.4364809293475313 0.5808558208823228 0.42934782608695654 0.5579710144927537 0.43144654723279624 0.49493569945751087 0.43547405292458424 0.4841956842794093 0.4316982663385329 0.4739031697337287 0.4269156033295346 0.43228561091858536 0.4281741988582184 0.4170705894162749 0.42844202898550726 0.4106280193236715 0.43522233381884745 0.38306054135228684 0.4493186037401057 0.3656080166878719 0.45963908707531265 0.3691880217472391 0.47927317732277946 0.35979050846640026 0.6590006188188218 0.35263049834766597 0.738677536231884 0.35185185185185186
0 0.45420998295558923 0.37789424098805213 0.4499586727444736 0.37880118716642347 0.45063888237825217 0.383940548843861 0.45080893478669676 0.38998685669966976 0.44927846311069514 0.3942192721987359 0.4474078866178043 0.39814937230501174 0.45097898719514135 0.3987540030905926 0.4526795112795876 0.39482390298431685 0.45455008777247846 0.3936146414131551 0.45506024499781234 0.38968454130687935 0.45438003536403393 0.38666138737897493 0.45318966850492154 0.3851498104150227 0.45369982573025536 0.38121971030874696
0 0.4754665340111671 0.3781965563808425 0.4735959575182763 0.3781965563808426 0.4662837039551575 0.386056756593394 0.4669639135889359 0.39361464141315505 0.4717253810253854 0.39240537984199336 0.47240559065916393 0.3869637027717654 0.47461627196894407 0.38635907198618447 0.4771670580956134 0.3884752797357176 0.47767721532094726 0.3857544412006036
0 0.49621292784141113 0.3775919255952616 0.48907072668673707 0.378498871773633 0.4887306218698478 0.39119611827083156 0.49230172244718484 0.39089380287804104 0.49383219412318646 0.3878706489501367 0.4977433995174128 0.38575444120060354 0.4955327182076327 0.3830336026654896
0 0.5167892692632107 0.3721502485250337 0.515258797587209 0.3721502485250337 0.5087968060663134 0.3781965563808425 0.5093069632916473 0.38454517962944185 0.5133882210943181 0.3836382334510705 0.5155989024040983 0.37940581795200434
0 0.5361752438258977 0.3709409869538719 0.529713252305002 0.3739641408817763 0.5288629902627789 0.3842428642366513 0.5322640384316714 0.3839405488438609 0.5344747197414514 0.3818243410943279 0.536515348642787 0.3809173949159565 0.5363452962343424 0.3772896102024712 0.5358351390090085 0.37456877166735725
0 0.5560713756139186 0.37063867156108143 0.5494393316845783 0.3739641408817764 0.5484190172339105 0.38273128727269917 0.5516500129943585 0.38152202570153737 0.5538606943041385 0.3788011871664234 0.5555612183885849 0.3775919255952616
0 0.5769878218526073 0.3688247792043388 0.5671247821628193 0.37456877166735725 0.5678049917965976 0.3803127641303756 0.5706958827401563 0.38001044873758516 0.5727365116414918 0.3842428642366514 0.5749471929512718 0.3791035025592139 0.5781781887117198 0.37819655638084254 0.578518293528609 0.3739641408817764
0 0.5977342156828513 0.37063867156108143 0.5897417524859542 0.3754757178457286 0.588891490443731 0.3809173949159565 0.5911021717535111 0.3836382334510705 0.5941631151055143 0.38031276413037557 0.596543848823739 0.38031276413037557 0.5970540060490729 0.37577803323851894
0 0.6167800854286493 0.3691270945971293 0.6108282511330875 0.3739641408817764 0.6091277270486412 0.3766849794168904 0.607427202964195 0.3772896102024712 0.608277465006418 0.3830336026654896 0.6116785131753105 0.38454517962944185 0.6181405046962063 0.3803127641303756 0.6176303474708724 0.3733595100961955
0 0.637696531667338 0.37094098695387195 0.6302142256957745 0.3739641408817764 0.6293639636535513 0.3788011871664234 0.6302142256957745 0.3824289718799087 0.6329350642308885 0.38152202570153737 0.6383767413011163 0.38001044873758516 0.638546793709561 0.375778033238519 0.6378665840757826 0.3742664562745668
0 0.6557220869624679 0.36822014841875794 0.6490900430331277 0.3721502485250337 0.6492600954415724 0.3775919255952616 0.6504504623006846 0.3809173949159565 0.6530012484273541 0.37970813334479475 0.6581028206806927 0.37849887177363295 0.6560621917793573 0.37577803323851894 0.6560621917793573 0.3706386715610815
0 0.6773187428349352 0.36610394066922486 0.6667754935113684 0.3721502485250337 0.6700064892718164 0.37910350255921393 0.6739176946660428 0.3791035025592139 0.6764684807927119 0.3769872948096808 0.6800395813700492 0.37547571784572853 0.67969947655316 0.3706386715610815
0 0.6972148746229562 0.3648946790980631 0.6914330927358389 0.368220148418758 0.6905828306936158 0.3769872948096808 0.6929635644118405 0.3772896102024712 0.6946640884962868 0.37487108706014766 0.6994255559327363 0.375778033238519 0.7012961324256272 0.3739641408817764 0.7006159227918486 0.368220148418758
0 0.7198318449460911 0.3648946790980631 0.7118393817491938 0.368220148418758 0.7120094341576383 0.3739641408817764 0.7131998010167507 0.3775919255952616 0.7152404299180862 0.37456877166735725 0.716260744368754 0.370336356168291 0.7223826310727605 0.36610394066922486