1 0.7332427536231884 0.34782608695652173 0.7459239130434783 0.34863123993558776 0.7477355072463768 0.3526570048309179 0.7477355072463768 0.3671497584541063 0.7504528985507246 0.3776167471819646 0.75 0.39371980676328505 0.7441123188405797 0.4307568438003221 0.7463768115942029 0.464573268921095 0.7463768115942029 0.5225442834138486 0.7522644927536232 0.5547504025764896 0.7518115942028986 0.6247987117552335 0.7472826086956522 0.6473429951690821 0.7336956521739131 0.6489533011272142 0.7219202898550725 0.644122383252818 0.6213768115942029 0.6384863123993558 0.4519927536231884 0.6481481481481481 0.44565217391304346 0.6457326892109501 0.44157608695652173 0.6400966183574879 0.43432971014492755 0.6095008051529791 0.43432971014492755 0.5877616747181964 0.4311594202898551 0.5571658615136876 0.43342391304347827 0.4887278582930757 0.42934782608695654 0.4669887278582931 0.4266304347826087 0.41867954911433175 0.4338768115942029 0.40660225442834136 0.437088126971512 0.3886928113812308 0.44244413027794627 0.3747501995994019 0.45086070690234303 0.36658867075150203 0.460233712688603 0.3737300084934144 0.47780797101449274 0.3671497584541063 0.5031702898550725 0.3639291465378422 0.6730072463768116 0.35829307568438 0.7096920289855072 0.35426731078904994
0 0.45411256605267797 0.3856322380632683 0.4554515668792867 0.39209344840118904 0.45219970772895157 0.39549408542114733 0.44933042024336173 0.3982145950371139 0.4476088477520078 0.3971944039311265 0.45066942106997027 0.39345370320917233 0.4508607069023429 0.3880126839772391 0.4510519927347156 0.3825716647453059
0 0.4749627217812973 0.37917102772534755 0.47324114928994343 0.37917102772534755 0.4655897159950373 0.38597230176526415 0.4659722876597825 0.3944738943151598 0.47056314763672624 0.39209344840118904 0.47209343429570744 0.3866524291692558 0.4763017226079058 0.3876726202752433 0.4768755801050238 0.3846120469572808
0 0.4961954491746617 0.3757703907053893 0.4889265875445009 0.3784909003213559 0.4883527300473829 0.38937293878522244 0.49179587503009065 0.38937293878522244 0.49543030584517106 0.3859723017652642 0.49543030584517106 0.38223160104331005
0 0.5176194624003989 0.37304988108942266 0.5143676032500638 0.3737300084934143 0.5078638849493935 0.37985115512933926 0.5090115999436294 0.38597230176526415 0.5116896015968465 0.38563223806326835 0.5143676032500637 0.3825716647453059 0.5174281765680261 0.38189153734131426
0 0.5359829023081736 0.3706694351754519 0.5298617556722486 0.3747501995994019 0.5298617556722486 0.38529217436127244 0.5312007564988571 0.38563223806326824 0.5338787581520742 0.38223160104331 0.5382783322966453 0.38155147363931835 0.5375131889671547 0.37781077291736426 0.5363654739729189 0.3761104544073851
0 0.5553027713778114 0.3706694351754519 0.5497554822390045 0.3740700721954102 0.5491816247418866 0.38291172844730176 0.5516683405627311 0.38291172844730176 0.5530073413893396 0.3801912188313351 0.5562592005396747 0.3791710277253476
0 0.577109356268294 0.3689691166654728 0.5669712071525432 0.37509026330139766 0.5681189221467793 0.37985115512933926 0.5709882096323691 0.3805312825333309 0.5723272104589776 0.3846120469572808 0.5757703554416854 0.3781508366193601 0.5790222145920204 0.3767905818113768 0.5784483570949025 0.3733899447914185
0 0.5971943686674224 0.37134956257944357 0.5893516495401436 0.37645051810938096 0.5899255070372617 0.3812114099373226 0.5916470795286155 0.38325179214929755 0.5948989386789506 0.38087134623532665 0.5968117970026772 0.3812114099373225 0.5970030828350498 0.37645051810938096
0 0.615557808575197 0.36930918036746857 0.6075238036155457 0.37713064551337266 0.609054090274527 0.3808713462353267 0.6121146635924894 0.3835918558512933 0.6140275219162159 0.38053128253333085 0.617279381066551 0.3795110914273434
0 0.637173107633307 0.3720296899834352 0.6287565310089102 0.37509026330139766 0.6287565310089102 0.38325179214929755 0.6314345326621273 0.38427198325528494 0.6339212484829719 0.38223160104331 0.6383208226275427 0.3798511551293392 0.6385121084599155 0.37543032700339346
0 0.6547714042115909 0.3696492440694644 0.649797972569902 0.3733899447914185 0.6488415434080388 0.3798511551293392 0.6507544017317652 0.3815514736393184 0.6526672600554918 0.37985115512933926 0.6585971208590441 0.3781508366193601 0.6578319775295535 0.3750902633013977 0.6557278333734543 0.3740700721954102
0 0.6790647049229178 0.36556847964551453 0.668543984142422 0.3720296899834352 0.6695004133042852 0.3784909003213559 0.6721784149575024 0.3805312825333309 0.6748564166107196 0.37577039070538937 0.6792559907552906 0.376450518109381 0.6798298482524086 0.3710094988774477 0.6798298482524086 0.3679489255594853
0 0.6993410031544192 0.36556847964551453 0.6909244265300224 0.3699893077714603 0.6920721415242583 0.3781508366193601 0.6949414290098481 0.374410135897406 0.701062575645773 0.37645051810938096 0.701636433142891 0.37168962628143937 0.701062575645773 0.3676088618574894