1 0.6539855072463768 0.34541062801932365 0.7155797101449275 0.34782608695652173 0.7364130434782609 0.35185185185185186 0.7432065217391305 0.355877616747182 0.7459239130434783 0.3639291465378422 0.7441123188405797 0.37681159420289856 0.7454710144927537 0.42673107890499196 0.751358695652174 0.4669887278582931 0.7518115942028986 0.49516908212560384 0.7540760869565217 0.5032206119162641 0.7522644927536232 0.5161030595813204 0.7454710144927537 0.5217391304347826 0.7069746376811594 0.5362318840579711 0.5244565217391305 0.5402576489533011 0.458786231884058 0.5531400966183575 0.4361413043478261 0.5515297906602254 0.42844202898550726 0.5458937198067633 0.42617753623188404 0.538647342995169 0.42436594202898553 0.5185185185185185 0.4270833333333333 0.5056360708534622 0.4279891304347826 0.4863123993558776 0.427536231884058 0.427536231884058 0.422554347826087 0.392109500805153 0.42617753623188404 0.38003220611916266 0.44021739130434784 0.35909822866344604 0.4782608695652174 0.3534621578099839
0 0.4425139843794955 0.3652636649229985 0.43920010032273443 0.3664419348098468 0.4384268607094902 0.36899485289801837 0.4367699186811097 0.3711550143572404 0.4387582491151663 0.3717441493006646 0.44063611674733094 0.3762608505335834 0.44229305877571146 0.3735115541309371 0.44284537278517166 0.3707622577282909
0 0.4554381322008637 0.3640853950361501 0.453228876163023 0.36349626009272595 0.450246380511938 0.36860209626906887 0.4514614713327504 0.37095863604276563 0.453339338964915 0.3705658794138162 0.45576952060653986 0.3737079324454119 0.4587520162576248 0.3744934457033108 0.45819970224816464 0.3697803661559173 0.45819970224816464 0.36781658301117 0.45654276021978407 0.36781658301117
0 0.47244940369223726 0.3601578287466555 0.46979829644682836 0.36447815166509956 0.47112385006953283 0.36722744806774577 0.47211801528656117 0.3713513926717151 0.47432727132440183 0.37154777098618985 0.47653652736224256 0.37017312278486675 0.47576328774899834 0.3660491781808974 0.47355403171115756 0.3652636649229985
0 0.4913385428157754 0.3623179902058775 0.48703049354198596 0.3623179902058775 0.48559447711738946 0.3650672866085237 0.48747234474955414 0.37017312278486675 0.49178039402334356 0.3705658794138162 0.4920013196271276 0.3668346914387963
0 0.5079079630995808 0.36035420706113025 0.5044836162409275 0.36035420706113025 0.5020534345993029 0.3636926384072006 0.5034894510238993 0.3695839878414426 0.5076870374957967 0.3705658794138162 0.5073556490901205 0.36565642155194794
0 0.5219367389398691 0.36153247694797863 0.5202797969114887 0.36133609863350385 0.517739152467972 0.3652636649229985 0.5190647060906763 0.36762020469669526 0.5199484085058126 0.37076225772829097 0.5222681273455454 0.3705658794138162 0.5225995157512215 0.3660491781808974
0 0.5369596799971861 0.35780128897295865 0.5326516307233967 0.357604910658484 0.5305528374874481 0.3609433420045544 0.5317679283082605 0.36290712514930173 0.5332039447328569 0.36290712514930173 0.533424870336641 0.3682093396401194 0.5362969031858339 0.36781658301117 0.5364073659877259 0.3654600432374732 0.5370701427990782 0.3636926384072006
0 0.5515407698469349 0.3583904239163829 0.5498838278185544 0.35858680223085765 0.545686241346657 0.3621216118914028 0.5484478113939579 0.36487090829404906 0.5527558606677472 0.36428177335062484 0.5510989186393667 0.36133609863350385
0 0.5672264877156039 0.35544474919926194 0.5654590828853314 0.35623026245716094 0.5636916780550588 0.35996145043218075 0.5614824220172181 0.35996145043218075 0.5600464055926216 0.3623179902058775 0.5613719592153261 0.3640853950361501 0.5626975128380305 0.36408539503615006 0.5644649176683031 0.36703106975327104 0.5668950993099279 0.36663831312432155 0.5681101901307403 0.36231799020587746 0.5679997273288483 0.35740853234400927
0 0.5798192471312961 0.3534809660545147 0.5770576770839951 0.35996145043218075 0.5791564703199438 0.36310350346377646 0.5793773959237278 0.3682093396401194 0.5822494287729207 0.36487090829404906 0.5822494287729209 0.35897955885980715 0.5818075775653527 0.3570157757150598
0 0.5964991302169935 0.3562302624571609 0.5942898741791528 0.3560338841426861 0.591638766933744 0.35996145043218075 0.5935166345659085 0.3652636649229985 0.5972723698302377 0.36388901672167534
0 0.610306980453498 0.35367734436898934 0.6079872616137653 0.35603388414268616 0.6064407823872767 0.3593723154887566 0.6092023524345777 0.36172885526245335 0.6097546664440379 0.3660491781808974 0.6116325340762024 0.3646745299795743 0.6118534596799865 0.361925233576928 0.6125162364913386 0.35819404560190815
0 0.625992698322167 0.35426647931241356 0.6241148306900024 0.35407010099793884 0.6208009466332414 0.35819404560190815 0.622568351463514 0.3593723154887566 0.6253299215108149 0.3654600432374732 0.6267659379354114 0.36526366492299844 0.6267659379354114 0.361925233576928 0.6270973263410874 0.3583904239163829
0 0.6432248954173246 0.354659235941363 0.6401319369643477 0.3544628576268883 0.6374808297189387 0.35583750582821144 0.6403528625681317 0.36290712514930173 0.6431144326154327 0.3625143685203523
0 0.6582478364746415 0.3538737226834641 0.6561490432386928 0.35328458774003996 0.6530560847857159 0.35819404560190815 0.656811820050045 0.3638890167216754 0.6584687620784256 0.3619252335769281
0 0.6772474384000716 0.3534809660545146 0.675369570767907 0.3530882094255652 0.6706196702865496 0.35740853234400927 0.6740440171452028 0.3634962600927259 0.6768055871925036 0.3603542070611302
0 0.693485470278201 0.3566230190861103 0.6916076026460365 0.35544474919926194 0.6889564954006274 0.35583750582821144 0.6864158509571107 0.35740853234400927 0.6901715862214398 0.36447815166509956 0.6920494538536044 0.35976507211770603
0 0.7072933205147054 0.35858680223085765 0.7061886924957851 0.3579976672874335 0.7046422132692965 0.36172885526245335 0.7024329572314558 0.36153247694797863 0.7042003620617284 0.3684057179545942 0.7061886924957851 0.3652636649229985 0.7072933205147054 0.362710746834827
0 0.7231999639871586 0.3591759371742818 0.7197756171285055 0.3593723154887566 0.7166826586755285 0.36113972031902913 0.7197756171285056 0.36624555649537216 0.7216534847606701 0.3660491781808974