1 0.6539855072463768 0.34541062801932365 0.7115036231884058 0.34782608695652173 0.7305253623188406 0.35185185185185186 0.7395833333333334 0.357487922705314 0.7445652173913043 0.3663446054750403 0.7454710144927537 0.42995169082125606 0.7527173913043478 0.4774557165861514 0.7545289855072463 0.5024154589371981 0.7531702898550725 0.5136876006441223 0.7423007246376812 0.5241545893719807 0.7051630434782609 0.538647342995169 0.5403079710144928 0.5394524959742351 0.4927536231884058 0.5450885668276972 0.4583333333333333 0.5539452495974235 0.43976449275362317 0.5531400966183575 0.4302536231884058 0.5466988727858293 0.4270833333333333 0.538647342995169 0.4257246376811594 0.5169082125603864 0.42980072463768115 0.49597423510466987 0.4302536231884058 0.4500805152979066 0.42844202898550726 0.41867954911433175 0.42481884057971014 0.40499194847020936 0.42391304347826086 0.392914653784219 0.43070652173913043 0.3743961352657005 0.4411231884057971 0.35909822866344604 0.4678442028985507 0.35507246376811596 0.5389492753623188 0.3534621578099839
0 0.4394921604361274 0.3664712690169499 0.44197727301987694 0.36625037012061656 0.4425985511658144 0.3719937414252824 0.4418530173906895 0.3755281237666152 0.4404862054696272 0.3755281237666152 0.4389951379193774 0.3733191348032822 0.43750407036912764 0.372435539217949 0.4377525816275026 0.36978475246194936
0 0.4558939034888751 0.3638204822609502 0.4525390015008131 0.36514587563895 0.4505509114338133 0.3664712690169498 0.4505509114338133 0.3695638535656161 0.45390581342187536 0.370226550254616 0.45527262534293766 0.37309823590694896 0.45676369289318747 0.374644528181282 0.45887603858937465 0.37398183149228215 0.45862752733099976 0.3689011568766162 0.456887948522375 0.36823846018761625
0 0.4729169246875603 0.3622741899866171 0.4709288346205605 0.36183239219395047 0.4694377670703107 0.3647040778462834 0.4717986240248729 0.3704474491509493 0.47453224786699755 0.3704474491509493 0.47602331541724735 0.3700056513582827 0.4755262929004974 0.367354864602283 0.4736624584626852 0.3655876734316166
0 0.49167952469487014 0.3622741899866171 0.4880761114484332 0.36161149329761716 0.48521823197712105 0.3635995833646169 0.4864607882689959 0.3666921679132832 0.48708206641493335 0.3691220557729495 0.4903127127738079 0.3700056513582827 0.49217654721162013 0.3693429546692828 0.49217654721162013 0.3664712690169498
0 0.5074599896016806 0.3627159877792837 0.5062174333098057 0.3618323921939504 0.5027382756925562 0.3624950888829504 0.5027382756925562 0.367354864602283 0.5037323207260561 0.370226550254616 0.5070872227141181 0.37088924694361586 0.5075842452308681 0.3677966623949496 0.507832756489243 0.36514587563895
0 0.5211281088123038 0.36116969550495054 0.5185187405993665 0.36249508888295034 0.5187672518577415 0.36492497674261676 0.5187672518577415 0.3691220557729495 0.518642996228554 0.3719937414252824 0.5223706651041786 0.36912205577294943 0.5228676876209285 0.3644831789499501 0.5227434319917409 0.36271598777928366
0 0.5367843180899265 0.3582980098526176 0.5319383485516147 0.3585189087489509 0.5303230253721773 0.3624950888829504 0.5331809048434896 0.3640413811572835 0.5345477167645518 0.36801756129128294 0.537405596235864 0.36625037012061656 0.537157084977489 0.36183239219395047
0 0.5507009485589246 0.35741441426728443 0.5466005127957376 0.35785621205995105 0.5452337008746753 0.3613905944012839 0.5478430690876125 0.3635995833646169 0.5488371141211124 0.36492497674261676 0.5524405273675493 0.36448317894995014 0.5521920161091743 0.3635995833646169 0.551322226704862 0.36050699881595066
0 0.5666056690949225 0.3567517175782845 0.5620082108149855 0.3582980098526176 0.5592745869728609 0.3620532910902838 0.5611384214106732 0.3635995833646169 0.5623809777025479 0.3635995833646169 0.5639963008819853 0.3664712690169498 0.5671026916116724 0.36514587563895
0 0.581640600226608 0.3554263242002847 0.5786584651261083 0.3554263242002847 0.5767946306882961 0.35940250433428417 0.5790312320136708 0.36028609991961735 0.5795282545304207 0.36757576349861637 0.5826346452601078 0.3642622800536168
0 0.5967997869874808 0.3558681219929513 0.5934448849994188 0.35608902088928457 0.5913325393032316 0.3587398076452842 0.5931963737410438 0.3640413811572835 0.5965512757291058 0.3622741899866171
0 0.6102193949397291 0.3538800319259516 0.6087283273894791 0.3545427286149515 0.6071130042100419 0.3585189087489509 0.6092253499062291 0.3609487966086173 0.6099708836813541 0.36602947122428325 0.6119589737483537 0.3660294712242832 0.6125802518942912 0.3622741899866171 0.6127045075234786 0.3580771109562843
0 0.6263726267341019 0.3532173352369517 0.6240117697795395 0.35321733523695165 0.6215266571957899 0.3582980098526176 0.6237632585211647 0.3591816054379508 0.6242602810379145 0.3664712690169498 0.6268696492508518 0.36271598777928366 0.6268696492508516 0.3574144142672844
0 0.6432713923035994 0.35454272861495145 0.6384254227652877 0.35454272861495145 0.6365615883274753 0.3585189087489509 0.6392952121696 0.3605069988159507 0.6399164903155373 0.3649249767426167 0.6436441591911618 0.36271598777928366 0.6443896929662868 0.35873980764528424
0 0.6588033459520348 0.35233373965161846 0.6543301433012854 0.352775537444285 0.6524663088634732 0.357856212059951 0.6543301433012855 0.3591816054379508 0.6555726995931602 0.36514587563895007 0.6589276015812223 0.36315778557195033 0.6594246240979722 0.3569726164746178
0 0.677068923442595 0.3536591330296183 0.6733412545669702 0.35299643634061834 0.6696135856913459 0.3565308186819512 0.6718501870167205 0.35896070654161755 0.6728442320502204 0.36315778557195033 0.6761991340382825 0.3622741899866171 0.6770689234425947 0.35940250433428417
0 0.6914825764283428 0.3552054253039514 0.6885004413278433 0.3552054253039514 0.6856425618565312 0.3585189087489509 0.686885118148406 0.36116969550495054 0.6885004413278433 0.3616114932976172 0.6896187419905306 0.3638204822609502 0.6921038545742803 0.36161149329761716 0.6932221552369675 0.3582980098526176
0 0.7081328307394655 0.35896070654161755 0.7050264400097784 0.3591816054379508 0.7008017486174042 0.36161149329761716 0.7020443049092789 0.36492497674261676 0.7031626055719663 0.36735486460228306 0.705150695638966 0.3669130668096165 0.7071387857059657 0.3638204822609502
0 0.7225464837252137 0.3582980098526176 0.7165822135242145 0.3598443021269508 0.7172034916701518 0.36293688667561697 0.7181975367036517 0.36625037012061656 0.720309882399839 0.3664712690169498 0.7222979724668386 0.36514587563895 0.7235405287587134 0.36161149329761716 0.7225464837252136 0.3582980098526176 0.7240375512754634 0.35785621205995105