1 0.6535326086956522 0.3462157809983897 0.7078804347826086 0.3470209339774557 0.7350543478260869 0.35185185185185186 0.7436594202898551 0.35668276972624796 0.7459239130434783 0.3639291465378422 0.7432065217391305 0.37922705314009664 0.7445652173913043 0.41545893719806765 0.751358695652174 0.4677938808373591 0.7522644927536232 0.49516908212560384 0.7549818840579711 0.5040257648953301 0.7531702898550725 0.5169082125603864 0.7115036231884058 0.5362318840579711 0.6992753623188406 0.538647342995169 0.6431159420289855 0.537842190016103 0.6023550724637681 0.5418679549114331 0.5153985507246377 0.5426731078904992 0.45063405797101447 0.5539452495974235 0.4316123188405797 0.5483091787439613 0.42844202898550726 0.5450885668276972 0.4257246376811594 0.535426731078905 0.42527173913043476 0.5193236714975845 0.4302536231884058 0.48792270531400966 0.4311594202898551 0.4492753623188406 0.42934782608695654 0.4170692431561997 0.42617753623188404 0.40499194847020936 0.42527173913043476 0.391304347826087 0.4288949275362319 0.37922705314009664 0.4411231884057971 0.3615136876006441 0.47192028985507245 0.35507246376811596
0 0.4425827753065967 0.3683909834484117 0.44163943724200005 0.37481965766640374 0.44006720713433894 0.37593768796518495 0.438652200037444 0.3728631046435366 0.4370799699297829 0.3706270440459742 0.4394383150912745 0.3667139380002398
0 0.46034897552316695 0.36559590770145867 0.45358838606022434 0.36531640012676336 0.45107281788796655 0.3664344304255446 0.4518589329417971 0.3703475364712789 0.4542172781032887 0.3703475364712789 0.45610395423248207 0.37370162736762247 0.45893396842627204 0.37398113494231777
0 0.4716690322983268 0.362241816805115 0.4691534641260692 0.3633598471038962 0.4730840393952218 0.37146556677006004 0.4763857226213101 0.37062704404597413 0.4754423845567134 0.3667139380002398
0 0.4911646856333243 0.3619623092304197 0.4850329882134461 0.36280083195450563 0.4855046572457444 0.36727295314963054 0.48864911746106654 0.3692295061724976 0.49257969273021934 0.3695090137471929
0 0.5076731017637658 0.3608442789316385 0.5051575335915081 0.3608442789316385 0.5016986273546536 0.36531640012676336 0.5043714185376775 0.3697885213218883 0.5075158787529996 0.36950901374719297
0 0.5222948417650138 0.3619623092304197 0.5200937196142883 0.3616828016557244 0.5174209284312645 0.3661549228508493 0.5193076045604578 0.3703475364712789 0.5229237338080784 0.3683909834484117
0 0.5367593587554959 0.3588877259087713 0.5329860064971094 0.35776969560999017 0.5303132153140855 0.3619623092304197 0.5344010135940044 0.3681114758737164 0.5372310277877943 0.3664344304255446
0 0.5507522067136796 0.35916723348346663 0.5477649695091236 0.3605647713569432 0.5452494013368657 0.36252132437981033 0.5485510845629541 0.36475738497737276 0.551381098756744 0.36531640012676336 0.5507522067136796 0.3591672334834667
0 0.5671033998333549 0.3569311728859042 0.5597139183273478 0.36140329408102906 0.5595566953165817 0.36363935467859154 0.5636444935965006 0.36391886225328685 0.5650595006933955 0.3672729531496305 0.5680467378979517 0.3664344304255446
0 0.5810962477915387 0.3546951122883418 0.5754362194039587 0.36112378650633375 0.5779517875762166 0.362241816805115 0.580152909726942 0.3669934455749352 0.5831401469314981 0.36419836982798215 0.5831401469314981 0.35804920318468547
0 0.5972902179004479 0.35441560471364647 0.5911585204805696 0.36000575620755254 0.5930451966097628 0.3611237865063338 0.5938313116635935 0.36503689255206806 0.5972902179004479 0.362241816805115 0.5965041028466174 0.358608218334076
0 0.6126980729555265 0.3546951122883418 0.6101825047832689 0.35385658956425586 0.6064091525248821 0.3588877259087713 0.609081943707906 0.3602852637822479 0.610496950804801 0.36587541527615397 0.6122264039232282 0.3639188622532868 0.6125408499447604 0.36112378650633375 0.6137986340308893 0.3577696956099901
0 0.627948704999839 0.3527385592654746 0.6246470217737508 0.35385658956425586 0.6213453385476625 0.35972624863285724 0.623389237687622 0.36028526378224784 0.6251186908060492 0.3664344304255446 0.6274770359675408 0.36363935467859154 0.6284203740321375 0.3591672334834667
0 0.6424132219903211 0.35441560471364647 0.6400548768288296 0.35413609713895117 0.6373820856458057 0.35665166531120895 0.6394259847857651 0.3602852637822479 0.6411554379041924 0.3653164001267633 0.6439854520979822 0.36112378650633375 0.6441426751087483 0.35776969560999017
0 0.6567205159700371 0.35245905169077935 0.6527899407008843 0.3577696956099901 0.6549910628516099 0.358608218334076 0.6564060699485048 0.362241816805115 0.6590788611315286 0.36112378650633375 0.6592360841422948 0.3560926501618183 0.6578210770453998 0.35329757441486526
0 0.6766878383373329 0.35190003654138874 0.6741722701650751 0.35162052896669344 0.6702416948959223 0.3566516653112089 0.6729144860789462 0.358608218334076 0.6735433781220106 0.36224181680511497 0.6765306153265668 0.3602852637822479
0 0.6911523553278149 0.35441560471364647 0.688165118123259 0.35441560471364647 0.6862784419940655 0.3588877259087713 0.6875362260801944 0.35972624863285724 0.6886367871555571 0.3644778774026774 0.6909951323170488 0.3616828016557244 0.6919384703816455 0.35721068046059956
0 0.7062457643613613 0.35916723348346663 0.7027868581245069 0.3597262486328573 0.7010574050060798 0.36252132437981033 0.7029440811352731 0.3672729531496305 0.7046735342537003 0.368670491023107 0.707189102425958 0.36335984710389624 0.7068746564044257 0.3616828016557244
0 0.7233830725348673 0.35776969560999017 0.7163080370503924 0.36196230923041967 0.7191380512441823 0.368670491023107 0.7221252884487385 0.36531640012676336