1 0.6530797101449275 0.34541062801932365 0.7595108695652174 0.3526570048309179 0.7608695652173914 0.35668276972624796 0.7595108695652174 0.3615136876006441 0.7472826086956522 0.37600644122383253 0.7445652173913043 0.39049919484702095 0.7454710144927537 0.42914653784219003 0.7518115942028986 0.47101449275362317 0.7518115942028986 0.49114331723027377 0.7549818840579711 0.5080515297906603 0.7540760869565217 0.5177133655394525 0.7182971014492754 0.5362318840579711 0.6992753623188406 0.5410628019323671 0.6616847826086957 0.537842190016103 0.5946557971014492 0.5418679549114331 0.53125 0.5410628019323671 0.4420289855072464 0.5555555555555556 0.43070652173913043 0.5507246376811594 0.42527173913043476 0.538647342995169 0.42391304347826086 0.5225442834138486 0.4279891304347826 0.500805152979066 0.4288949275362319 0.4492753623188406 0.42436594202898553 0.391304347826087 0.4288949275362319 0.37278582930756843 0.43568840579710144 0.3607085346215781 0.4433876811594203 0.35668276972624796 0.46603260869565216 0.35507246376811596
0 0.4422344443985839 0.3655158689199701 0.43901971866496586 0.3662613125683454 0.437901553192403 0.37048549324247143 0.44069696687381 0.37520663634884766 0.4423742150826542 0.37421271148434737
0 0.4553728887011967 0.3635280191909696 0.4503411440746641 0.3667582750005955 0.4510399974950158 0.36949156837797115 0.45439449391270414 0.37073397445859646 0.4571899075941112 0.3752066363488476 0.45956600922330715 0.37371574905209726 0.4591466971710961 0.368994605945721 0.4566308248578298 0.3677521998650957
0 0.473123765578131 0.36203713189421927 0.46976926916044254 0.3635280191909696 0.4699090398445129 0.3665097937844704 0.4721453707896385 0.37073397445859646 0.4759191792595379 0.37073397445859646 0.47452147241883447 0.3660128313522203 0.4736828483144123 0.36303105675871944
0 0.49269166134797987 0.3607947258135939 0.48793945808958794 0.36154016946196915 0.4852838150922513 0.3647704252715949 0.48668152193295483 0.3694915683779712 0.48919739424622105 0.3714794181069717 0.4918530372435577 0.3709824556747216
0 0.5076471245435071 0.36129168824584407 0.5049914815461705 0.3605462445974688 0.5020562971806932 0.36452194405546984 0.5027551506010449 0.36949156837797115 0.5068085004390851 0.37023701202634635 0.5084857486479292 0.36824916229734583
0 0.5217639636346123 0.361043207029719 0.5189685499532054 0.3617886506780942 0.5178503844806426 0.3667582750005955 0.5186890085850647 0.37172789932309674 0.5221832756868234 0.36824916229734583
0 0.5360205734097879 0.3593038385168435 0.5344830958850142 0.3580614324362182 0.5314081408354664 0.3627825755425944 0.5350421786212955 0.36849764351347086 0.5360205734097879 0.3660128313522203
0 0.5515351193415967 0.3593038385168435 0.5499976418168228 0.3590553573007184 0.5467829160832047 0.3625340943264693 0.5494385590805415 0.3657643501360952 0.5527930554982298 0.3655158689199701
0 0.5663508118530537 0.35781295122009316 0.564114480907928 0.3578129512200931 0.5607599844902397 0.361043207029719 0.5646735636442095 0.36576435013609515 0.5671894359574757 0.3640249816232197
0 0.581725587100792 0.35681902635559287 0.5796290268397368 0.3560735827072177 0.5768336131583298 0.3595523197329686 0.5799085682078775 0.3660128313522203 0.5825642112052142 0.3635280191909696
0 0.5964015089281787 0.357315988787843 0.5948640314034048 0.35681902635559287 0.5906709108812944 0.35980080094909367 0.5931867831945606 0.36154016946196915 0.5940254072989828 0.3655158689199701 0.5964015089281787 0.3632795379748445
0 0.6130342203325502 0.3560735827072177 0.6110774307555653 0.3545826954104673 0.6064649981812438 0.35830991365234327 0.6088410998104398 0.3607947258135939 0.6109376600714949 0.3662613125683454 0.611776284175917 0.36377650040709464 0.6124751375962687 0.36004928216521875
0 0.626591976687374 0.3538372517620921 0.6247749577944596 0.35284332689759185 0.6221193147971228 0.35632206392334276 0.6244954164263188 0.3622856131103443 0.6249147284785299 0.3655158689199701 0.626172664635163 0.3627825755425944 0.6265919766873741 0.357564470003968
0 0.6428053760395346 0.3545826954104673 0.6404292744103386 0.35483117662659236 0.6386122555174241 0.35706750757171796 0.6402895037262682 0.3627825755425944 0.6425258346713938 0.3632795379748445 0.6435042294598862 0.35830991365234327
0 0.6583199219713431 0.35582510149109264 0.6573415271828508 0.35334028932984196 0.6527290946085293 0.357315988787843 0.6553847376058659 0.36029776338134384 0.6562233617102881 0.3625340943264693 0.6583199219713433 0.3617886506780942
0 0.6769094229526995 0.35483117662659236 0.6743935506394333 0.35433421419434225 0.6704799714854636 0.35557662027496756 0.6729958437987299 0.3590553573007184 0.6727163024305891 0.3622856131103443 0.6759310281642071 0.3615401694619691
0 0.6925637395685788 0.3570675075717179 0.6901876379393828 0.35557662027496756 0.6865536001535538 0.357564470003968 0.68906947246682 0.361043207029719 0.6892092431508904 0.364770425271595 0.6914455740960159 0.36377650040709464
0 0.707519202764106 0.3620371318942192 0.7070998907118949 0.3585583948684683 0.701928375401292 0.36129168824584407 0.7040249356623473 0.368994605945721 0.7055624131871211 0.3677521998650957 0.7059817252393321 0.3655158689199701
0 0.7240121434844072 0.35880687608459344 0.7226144366437037 0.35806143243621813 0.7171633799649602 0.3617886506780942 0.719120169541945 0.3675037186489707 0.7224746659596334 0.3667582750005955