1 0.32155797101449274 0.39049919484702095 0.5380434782608695 0.39533011272141705 0.563858695652174 0.39855072463768115 0.5692934782608695 0.40177133655394526 0.5729166666666666 0.40901771336553944 0.5733695652173914 0.4307568438003221 0.5765398550724637 0.45088566827697263 0.5747282608695652 0.48148148148148145 0.5656702898550725 0.5265700483091788 0.5606884057971014 0.537842190016103 0.5194746376811594 0.5780998389694042 0.495018115942029 0.5925925925925926 0.4270833333333333 0.5966183574879227 0.3333333333333333 0.5950080515297906 0.2980072463768116 0.6006441223832528 0.25679347826086957 0.5942028985507246 0.2563405797101449 0.5829307568438004 0.2586050724637681 0.5676328502415459 0.2545289855072464 0.5531400966183575 0.24864130434782608 0.49033816425120774 0.24230072463768115 0.4492753623188406 0.23822463768115942 0.43719806763285024 0.23278985507246377 0.42914653784219003 0.23278985507246377 0.41545893719806765 0.23822463768115942 0.40418679549114334 0.2504528985507246 0.3977455716586151
0 0.26712189529161906 0.408081059055145 0.2666502262593208 0.4131121953996605 0.26680744927008687 0.41814333174417595 0.26602133421625634 0.42093840749112904 0.26397743507629695 0.42065889991643374 0.2620907589471036 0.41898185446826186 0.26004685980714415 0.41087613480209806 0.25957519077484587 0.4086400742045356 0.2592607447533137 0.40640401360697315 0.264134658087063 0.40696302875636375
0 0.28331586540052833 0.40612450603227784 0.28205808131439947 0.4128326878249651 0.2844164264758911 0.4159072711466135 0.28410198045435886 0.42037939234173843 0.2830014193789961 0.4226154529393008 0.2817436352928672 0.42485151353686335 0.27985695916367387 0.42289496051399617 0.2778130600237145 0.42037939234173843 0.2765552759375856 0.41870234689356656 0.2760836069052873 0.4083605666298403 0.2765552759375856 0.4069630287563638 0.27969973615290783 0.4072425363310591
0 0.2968370443264137 0.40556549088288724 0.29683704432641367 0.4111556423767933 0.2990381664771392 0.41506874842252756 0.29966705852020364 0.4178638241694807 0.2995098355094375 0.4214974226405196 0.298723720455607 0.42317446808869147 0.2947931451864543 0.420099884767043 0.2918059079818982 0.4159072711466135 0.2918059079818982 0.41450973327313695 0.2919631309926643 0.4105966272274027 0.29212035400343045 0.4100376120780121 0.29306369206802707 0.40752204390575436 0.29416425314338984 0.4058449984575825 0.2965225983048814 0.40556549088288724
0 0.3153893595968145 0.4036089378600201 0.31397435249991956 0.4100376120780121 0.3141315755106856 0.4139507181237464 0.31334546045685513 0.41674579387069943 0.3116160073384279 0.4161867787213088 0.30957210819846853 0.4125531802502698 0.30894321615540404 0.4105966272274027 0.30847154712310576 0.4083605666298403 0.30831432411233967 0.40668352118166845 0.3091004391661702 0.4041679530094107 0.30941488518770244 0.40249090756123895 0.3100437772307668 0.4013728772624577
0 0.33488501293181205 0.4036089378600201 0.33299833680261876 0.40640401360697315 0.3325266677703204 0.4091990893539262 0.3328411137918526 0.4114351499514886 0.33394167486721543 0.41423022569844165 0.33079721465189316 0.41478924084783225 0.3301683226088288 0.41478924084783225 0.3274955314258049 0.4125531802502698 0.3270238623935066 0.40975810450331684 0.3270238623935066 0.40724253633105906 0.32749553142580495 0.4038884454347154 0.3285960925011677 0.4022113999865436 0.32969665357653044 0.4010933696877624 0.3317405527164899 0.4010933696877624
0 0.3515506520730196 0.4024909075612389 0.3501356449761246 0.4086400742045356 0.3502928679868907 0.4125531802502699 0.3509217600299552 0.41506874842252767 0.3490350839007619 0.4161867787213088 0.3479345228253991 0.41674579387069943 0.3476200768038669 0.41730480902009 0.34667673873927024 0.4170253014453948 0.3444756165885447 0.41031711965270745 0.3446328395993108 0.4064040136069732 0.34431839357777855 0.4036089378600201 0.34667673873927024 0.401652384837153 0.34856341486846354 0.4008138621130671
0 0.36695850712809824 0.4041679530094107 0.3657155298262805 0.4085209008226472 0.3654733875642018 0.4119647018833228 0.3662805284377976 0.4138300941245221 0.3660151690635016 0.4161867787213088 0.3631851548697117 0.4170253014453948 0.36192737078358284 0.4161867787213088 0.36145570175128444 0.40891958177923093 0.36232553815717794 0.4056510666054175 0.3641284929343083 0.40360893786002017
0 0.3841990558316255 0.405507574894556 0.382342631822355 0.41024280135298496 0.3816969191234784 0.41268216043763023 0.3816969191234784 0.414691044389691 0.3818583472981975 0.4175608786069207 0.3815354909487592 0.41899579571553563 0.380405493725725 0.41899579571553563 0.37951763876476957 0.41899579571553563 0.3783069274543758 0.41741738689605923 0.3774190724934203 0.4154085029439985 0.3779033570175778 0.4132561272810762 0.3773383584060608 0.41067327648556945 0.37749978658078 0.4073729671357553 0.3787104978911738 0.4062250334488634 0.3796790669394888 0.4056510666054175 0.3804862078130846 0.40392916607507967
0 0.4014718705265768 0.40636852515972494 0.40106830008977884 0.4085209008226472 0.3987275915563508 0.4118212101724613 0.39848544929427204 0.4141170775462451 0.3991311619931488 0.4158389780765829 0.39832402111955295 0.41842182887208956 0.39775902250803585 0.4207176962458734 0.39598331258612496 0.4188523040046741 0.395579742149327 0.41741738689605923 0.39477260127573116 0.4159824697874444 0.39420760266421406 0.41153422675073836 0.39461117310101196 0.40880788424437015 0.39582188441140576 0.4070859837140324 0.39687116754708035 0.4062250334488634 0.40147187052657674 0.4060815417380019
0 0.4168882612122576 0.40636852515972494 0.4142246963293912 0.41124724332901536 0.41454755267882953 0.41612596149830583 0.4139018399799529 0.4201437294024275 0.4124489864074803 0.4220091216436267 0.4109961328350078 0.42086118795673483 0.41018899196141195 0.41827833716122814 0.41010827787405235 0.41426056925710664 0.41010827787405235 0.41110375161815393 0.4098661356119736 0.4098123262204006 0.41107684692236734 0.4075164588466168 0.4119647018833228 0.40493360805111006 0.41333684136843574 0.405507574894556
0 0.43375750547041086 0.4088078842443702 0.43165893919906156 0.4138300941245221 0.43125536876226367 0.41770437031778224 0.4303675138013082 0.4188523040046741 0.4278653770931611 0.41698691176347474 0.42713895030692484 0.4154085029439985 0.4268968080448461 0.41268216043763023 0.4264932376080482 0.40852090082264714 0.42697752213220563 0.4072294754248938 0.4284303757046782 0.40536408318369455 0.4295603729277124 0.40493360805111006
0 0.4499810370296874 0.40995581793126196 0.44909318206873194 0.41426056925710664 0.448124613020417 0.41612596149830583 0.4465103312732253 0.41698691176347485 0.44529961996283146 0.4188523040046741 0.4433624818662015 0.4172738951851978 0.4432817677788418 0.41268216043763023 0.44376605230299937 0.410242801352985 0.4439274804777185 0.40780344226833976 0.44739818623418065 0.4070859837140323 0.45006175111704705 0.4072294754248938
0 0.4663659967636833 0.4096688345095391 0.46442885866705313 0.4125386687267687 0.46434814457969353 0.41598246978744435 0.46426743049233404 0.41827833716122814 0.4615231515221081 0.41899579571553563 0.46023172612435476 0.4181348454503666 0.4598281556875568 0.41483453610055254 0.45982815568755686 0.4118212101724613 0.45958601342547806 0.40981232622040054 0.45950529933811846 0.4073729671357553 0.45974744160019726 0.40593805002714045 0.46144243743474855 0.4050770997619715 0.4629760050945807 0.40694249200317084 0.46523599954064904 0.4073729671357553
0 0.48194381562408317 0.4098123262204006 0.480410247964251 0.41354311070279914 0.4802488197895319 0.41756087860692076 0.4799259634400936 0.4207176962458733 0.4783116816929019 0.42258308848707277 0.4769395422077889 0.4221526133544882 0.47621311542155265 0.42100467966759636 0.4749216900237992 0.4198567459807045 0.47451811958700135 0.4103862930638465 0.4742759773249225 0.4085209008226472 0.47556740272267595 0.40622503344886346 0.47734311264458673 0.4085209008226472 0.4796031070906551 0.40809042569006276
0 0.4976023485718427 0.41024280135298496 0.495988066824651 0.41354311070279914 0.4958266386499318 0.41784786202864377 0.4951002118636955 0.4215786465110423 0.49171022019459293 0.42172213822190385 0.49082236523363754 0.41971325426984296 0.4904187947968396 0.41641294492002884 0.49017665253476084 0.41268216043763023 0.4905802229715588 0.4082339174009242 0.4927595033302676 0.40679900029230937 0.4951002118636955 0.4072294754248938 0.4968759217856064 0.4070859837140323
0 0.5174580140623007 0.4098123262204005 0.5133415956069619 0.41354311070279914 0.513503023781681 0.41698691176347474 0.5139873083058385 0.41942627084812 0.5124537406460064 0.4205742045350119 0.510193746199938 0.4205742045350119 0.508821606714825 0.4205742045350119 0.5080951799285888 0.42043071282415034 0.5072880390549929 0.41612596149830583 0.5074494672297122 0.4129691438593531 0.5079337517538697 0.4093818510878161 0.5080144658412292 0.40751645884661675 0.5089023208021847 0.4056510666054175 0.5112430293356126 0.40737296713575527 0.5131801674322426 0.40823391740092424 0.5151980196162322 0.40780344226833976 0.5164087309266261 0.40780344226833976
0 0.5331165470100603 0.4103862930638465 0.5321479779617453 0.41354311070279914 0.5321479779617453 0.4168434200526133 0.5315829793502281 0.42000023769156597 0.5302915539524747 0.4207176962458734 0.5256908509729783 0.4205742045350119 0.5245608537499442 0.4202872211132889 0.5243994255752249 0.41626945320916736 0.5243187114878654 0.4133996189919376 0.5249644241867422 0.4103862930638465 0.5265787059339339 0.40923835937695463 0.5301301257777556 0.4089513759552316 0.5323901202238239 0.409668834509539
0 0.5499857912682136 0.41225168530504575 0.5498243630934944 0.41626945320916736 0.5499050771808539 0.41942627084812 0.5494207926566964 0.4228700719087956 0.5469186559485493 0.4235875304631031 0.5457079446381554 0.4233005470413801 0.5448200896772001 0.4181348454503666 0.5448200896772001 0.4166999283417518 0.5455465164634363 0.41311263557021466 0.5469186559485493 0.4113907350398769 0.548129367258943 0.4109602599072924 0.550066505355573 0.4109602599072924
0 0.5723435934668185 0.41311263557021466 0.5687921736229968 0.41210819359418427 0.5661286087401305 0.4103862930638465 0.5636264720319833 0.4085209008226472 0.5629807593331068 0.4080904256900627 0.5613664775859151 0.4089513759552316 0.5608821930617575 0.4138300941245221 0.5609629071491171 0.41870881229381257 0.5616893339353534 0.4207176962458734 0.562738617071028 0.42430498901741054 0.5631421875078259 0.4250224475717179 0.5649178974297367 0.4255964144151638 0.5666128932642881 0.42344403875224157 0.5673393200505243 0.42086118795673483 0.5687114595356373 0.4185653205829511 0.5700028849333907 0.4168434200526133 0.5707293117196269 0.41526501123313697