1 0.3120471014492754 0.39533011272141705 0.4180253623188406 0.3993558776167472 0.5421195652173914 0.3969404186795491 0.5602355072463768 0.39855072463768115 0.5701992753623188 0.4025764895330113 0.5733695652173914 0.4057971014492754 0.5774456521739131 0.4194847020933977 0.5774456521739131 0.4573268921095008 0.5729166666666666 0.5056360708534622 0.5720108695652174 0.5450885668276972 0.5733695652173914 0.5579710144927537 0.5778985507246377 0.572463768115942 0.5783514492753623 0.5990338164251208 0.5733695652173914 0.6103059581320451 0.5584239130434783 0.6167471819645732 0.5448369565217391 0.6078904991948471 0.5045289855072463 0.6014492753623188 0.44655797101449274 0.5998389694041868 0.3867753623188406 0.6030595813204509 0.3229166666666667 0.6006441223832528 0.2898550724637681 0.604669887278583 0.2554347826086957 0.5950080515297906 0.25407608695652173 0.5845410628019324 0.2563405797101449 0.5676328502415459 0.25271739130434784 0.5555555555555556 0.24365942028985507 0.4573268921095008 0.23867753623188406 0.4355877616747182 0.23550724637681159 0.42914653784219003 0.23550724637681159 0.41867954911433175 0.23822463768115942 0.40660225442834136 0.24320652173913043 0.40177133655394526 0.2554347826086957 0.39855072463768115
0 0.2666524503274782 0.41147707941495115 0.2666524503274782 0.41759822605087604 0.2674175936569688 0.4271200097067593 0.2616790186857892 0.42133892677283025 0.25995744619443534 0.4124972705209387 0.25995744619443534 0.40875656979898456
0 0.2834856035762716 0.41181714311694706 0.2834856035762716 0.4158979075408969 0.28463331857050755 0.4192985445608552 0.2842507469057623 0.4264398823027676 0.278894743599328 0.42303924528280934 0.2769818852756014 0.4152177801369053 0.2773644569403468 0.4094366972029762 0.2796598869288186 0.40909663350098036
0 0.29764075517184796 0.40705625128900536 0.29821461266896593 0.4145376527329136 0.3003187568250651 0.4192985445608552 0.3001274709926925 0.42575975489877593 0.29687561184235733 0.4250796274947843 0.29285860936253166 0.41963860826285104 0.2919021802006684 0.4165780349448886 0.292667323530159 0.4104568883089637 0.293241181027277 0.4063761238850139
0 0.31638676674436794 0.4094366972029762 0.3146651942530141 0.413857525328922 0.3146651942530141 0.42269918158081354 0.3104569059408157 0.41827835345486786 0.30911790511420717 0.4107969520109596 0.31217847843216956 0.40637612388501376
0 0.33494149248451527 0.4107969520109595 0.3328373483284161 0.41555784383890104 0.3332199199931614 0.42541969119678014 0.32939420334570835 0.4254196911967801 0.32633363002774596 0.4199786719648469 0.3284377741838451 0.41317739792493036 0.3286290600162178 0.4090966335009804 0.3284377741838451 0.4053559327790263
0 0.352157217398054 0.4107969520109595 0.35081821657144546 0.41623797124289275 0.35081821657144546 0.42133892677283025 0.34833150075060104 0.42303924528280934 0.34469706993552063 0.4199786719648469 0.3414452107851854 0.4145376527329136 0.34565349909738385 0.4128373342229345 0.3458447849297565 0.40841650609698876 0.3458447849297565 0.4067161875870096
0 0.3684165131497295 0.4101168246069678 0.3649733681670218 0.41691809864688445 0.36554722566413983 0.42303924528280934 0.36325179567566795 0.42303924528280934 0.3609563656871961 0.41827835345486775 0.3622953665138046 0.41351746162692615 0.3642082248375312 0.40943669720297626 0.3645907965022765 0.40807644239499297
0 0.38486709473377767 0.41283733422293456 0.3821890930805606 0.41963860826285104 0.3823803789129332 0.42609981860077173 0.3783633764331075 0.423719372686801 0.37625923227700836 0.42031873566684275 0.37645051810938096 0.4145376527329136 0.3787459480978528 0.4107969520109596 0.38104137808632466 0.40841650609698876
0 0.39997867549121724 0.41453765273291354 0.3984483888322361 0.4220190541768219 0.3971093880056275 0.42575975489877593 0.3961529588437642 0.4281402008127467 0.3942401005200377 0.4199786719648469 0.3938575288552924 0.4172581623488802 0.39672681634088214 0.41317739792493036
0 0.4156641137457748 0.41181714311694695 0.4139425412544209 0.4172581623488803 0.413942541254421 0.4254196911967801 0.4118383970983218 0.4264398823027676 0.4082039662832414 0.4179382897528719 0.4097342529422226 0.41419758903091786 0.4114558254335765 0.4107969520109596
0 0.43287983865931356 0.41555784383890104 0.43077569450321435 0.42031873566684264 0.42962797950897846 0.42950045562073 0.4269499778557613 0.4271200097067593 0.42714126368813404 0.4220190541768219 0.4263761203586434 0.41759822605087615 0.42580226286152545 0.41487771643490956 0.42771512118525196 0.41181714311694706
0 0.44913913441098907 0.4148777164349094 0.44722627608726256 0.41963860826285104 0.4441657027693001 0.4226991815808135 0.44225284444557356 0.4226991815808135 0.441487701116083 0.41963860826285104 0.4435918452721822 0.4152177801369053 0.44646113275777194 0.4128373342229345
0 0.4655897159950373 0.4145376527329136 0.46367685767131067 0.4192985445608552 0.4608075701857209 0.42235911787881764 0.45908599769436703 0.41827835345486775 0.45832085436487646 0.4145376527329136 0.4594685693591124 0.4114770794149512 0.46214657101232953 0.41113701571295536
0 0.4808925825848495 0.4145376527329136 0.47917101009349555 0.41827835345486775 0.47802329509925967 0.42439950009079264 0.47553657927841514 0.423719372686801 0.4741975784518066 0.42031873566684275 0.47438886428417926 0.4141975890309178 0.47611043677553316 0.4128373342229345
0 0.4981083074983882 0.41385752532892195 0.49676930667177965 0.417938289752872 0.49409130501856247 0.42133892677283025 0.4923697325272087 0.42303924528280934 0.4893091592092462 0.4186184171568635 0.49007430253873685 0.4141975890309178 0.49294359002432664 0.4114770794149512
0 0.5155153182442996 0.4135174616269261 0.5145588890824364 0.41895848085885945 0.5116896015968466 0.42303924528280934 0.5080551707817662 0.423719372686801 0.5063335982904124 0.41895848085885934 0.506524884122785 0.41487771643490945 0.5101593149378654 0.41215720681894286
0 0.5319658998283479 0.4148777164349094 0.5308181848341118 0.42235911787881764 0.5256534673600504 0.42303924528280934 0.5248883240305596 0.41759822605087615 0.5273750398514042 0.41487771643490945 0.5287140406780128 0.41215720681894286
0 0.5495641964066318 0.4145376527329136 0.5486077672447686 0.42405943638879684 0.5449733364296883 0.4250796274947843 0.5442081931001975 0.41895848085885934 0.5453559080944336 0.41487771643490945 0.5499467680713771 0.4124972705209387
0 0.5707195290809755 0.41478924084783236 0.5683611839194839 0.4178638241694807 0.5666317308010567 0.42289496051399605 0.5653739467149278 0.4262490514103398 0.5630156015534361 0.42708757413442566 0.561443371445775 0.42289496051399617 0.5608144794027106 0.41814333174417595 0.5605000333811784 0.4131121953996605 0.5606572563919445 0.4083605666298403 0.5620722634888394 0.408081059055145 0.5652167237041616 0.4100376120780121 0.5671033998333549 0.41171465752618397