1 0.3115942028985507 0.39533011272141705 0.4433876811594203 0.40096618357487923 0.5570652173913043 0.39855072463768115 0.5688405797101449 0.40177133655394526 0.5720108695652174 0.4057971014492754 0.573822463768116 0.4146537842190016 0.5760869565217391 0.44524959742351045 0.5715579710144928 0.5225442834138486 0.572463768115942 0.5507246376811594 0.5788043478260869 0.5789049919484702 0.5788043478260869 0.5942028985507246 0.5769927536231884 0.6030595813204509 0.572463768115942 0.6119162640901772 0.5615942028985508 0.6167471819645732 0.5570652173913043 0.6167471819645732 0.5430253623188406 0.607085346215781 0.4732789855072464 0.5990338164251208 0.4057971014492754 0.6030595813204509 0.32653985507246375 0.6006441223832528 0.30434782608695654 0.604669887278583 0.26268115942028986 0.5998389694041868 0.2572463768115942 0.6030595813204509 0.25271739130434784 0.6127214170692431 0.2509057971014493 0.6078904991948471 0.2509057971014493 0.5942028985507246 0.25679347826086957 0.5700483091787439 0.25226449275362317 0.5547504025764896 0.2513586956521739 0.5297906602254429 0.24864130434782608 0.5169082125603864 0.24320652173913043 0.45491143317230276 0.23867753623188406 0.44041867954911434 0.23233695652173914 0.42995169082125606 0.23596014492753623 0.40660225442834136 0.24048913043478262 0.40096618357487923 0.24682971014492755 0.3993558776167472
0 0.26677683586552603 0.41263913835061017 0.26603130209040105 0.41816161075894276 0.2670253471239009 0.42633486992327496 0.2642917232817763 0.42523037544160847 0.2628006557315265 0.4228004875819421 0.26180661069802663 0.4194870041369426 0.2615580994396517 0.41506902621027647 0.2616823550688392 0.4110928460762771 0.26242788884396406 0.408883857112944 0.26416746765258886 0.41263913835061017
0 0.28305432328908625 0.41020925049094387 0.2826815564015238 0.41551082400294315 0.2835513458058362 0.41838250965527607 0.2836756014350237 0.4216959931002756 0.2836756014350237 0.4243467798562753 0.2824330451431489 0.4254512743379418 0.2800721881885867 0.4243467798562752 0.2789538875258993 0.4228004875819421 0.277835586863212 0.42059149861860906 0.2769657974588996 0.41639441958827633 0.277338564346462 0.4133018350396101 0.27870537626752434 0.4102092504909438 0.2794509100426492 0.4075584637349442 0.2808177219637115 0.409546553801944
0 0.2978407431623967 0.40844205932027744 0.29771648753320923 0.41506902621027647 0.30045011137533384 0.4199288019296092 0.29995308885858396 0.42567217323427503 0.2977164875332093 0.42611397102694165 0.2938645630283973 0.42147509420394236 0.292000728590585 0.4194870041369426 0.2918764729613975 0.41639441958827633 0.2921249842197725 0.41374363283227666 0.2934917961408348 0.4091047560092773 0.29510711932027206 0.4062330703569444
0 0.31585780939458175 0.4091047560092773 0.3156092981362068 0.41462722841760996 0.3156092981362068 0.4219168919966089 0.31473950873189444 0.42390498206360866 0.31337269681083213 0.4236840831672754 0.31138460674383234 0.42014970082594255 0.31063907296870746 0.41860340855160943 0.3101420504519576 0.41551082400294315 0.30902374978927016 0.41462722841760996 0.3087752385308952 0.4121973405579436 0.3100177948227701 0.4091047560092773 0.3113846067438324 0.40733756483861094 0.31250290740651976 0.4071166659422776 0.31362120806920707 0.40844205932027744
0 0.33325359748082933 0.41131374497261036 0.332383808076517 0.4157317228992764 0.3325080637057045 0.4197079030332759 0.3313897630430172 0.42346318427094204 0.3308927405262672 0.42567217323427503 0.32902890608845503 0.4230213864782755 0.3279106054257676 0.4194870041369425 0.3279106054257676 0.416173520691943 0.3281591166841426 0.4141854306249433 0.3286561392008925 0.411755542765277 0.3294016729760174 0.4093256549056107 0.3311412517846422 0.40844205932027744
0 0.35052512993788953 0.41308093614327684 0.3501523630503271 0.42059149861860906 0.34890980675845223 0.4225795886856088 0.3469217166914525 0.4241258809599419 0.34543064914120275 0.4219168919966089 0.34468511536607777 0.419045206344276 0.3455549047703902 0.4144063295212766 0.34642469417470256 0.41308093614327673 0.34729448357901493 0.41109284607627705 0.3487855511292648 0.41109284607627705
0 0.36642985047388743 0.41131374497261036 0.36543580544038745 0.416173520691943 0.3659328279571374 0.4243467798562753 0.3649387829236376 0.42699756661227484 0.3623294147107004 0.4245676787526086 0.36183239219395047 0.4203705997222758 0.36083834716045066 0.4179407118626094 0.3608383471604506 0.41551082400294315 0.36183239219395047 0.41396453172861003 0.3636962266317627 0.41087194717994374
0 0.38295584915582276 0.4157317228992765 0.38121627034719796 0.41926610524060937 0.38171329286394773 0.42611397102694165 0.3808435034596354 0.4289856566792747 0.37910392465101067 0.42942745447194125 0.3786069021342608 0.42567217323427514 0.3783583908758858 0.42523037544160847 0.3774886014715734 0.4225795886856088 0.37699157895482344 0.4197079030332759 0.37736434584238593 0.41528992510660984 0.37910392465101067 0.4141854306249434 0.3812162703471979 0.41286003724694353
0 0.3997303590961328 0.4124182394542769 0.39774226902913307 0.41263913835061017 0.3962512014788832 0.4124182394542768 0.3955056677037584 0.4119764416616103 0.3951329008161959 0.41506902621027647 0.39488438955782096 0.41816161075894276 0.3940146001535086 0.42081239751494237 0.3937660888951336 0.4219168919966089 0.3955056677037584 0.4272184655086082 0.3969967352540082 0.4250094765452751 0.39774226902913307 0.4221377908929422 0.398239291545883 0.4197079030332759 0.39886056969182043 0.4172780151736095 0.3994818478377578 0.4157317228992764
0 0.41551082400294315 0.41175554276527704 0.4137712451943184 0.4174989140699429 0.41389550082350585 0.4203705997222758 0.41401975645269334 0.4245676787526086 0.4135227339359434 0.4258930721306084 0.41103762135219374 0.42567217323427503 0.4105405988354438 0.42346318427094204 0.41004357631869387 0.42081239751494237 0.40942229817275644 0.41683621738094295 0.4096708094311314 0.416173520691943 0.4112861326105687 0.41374363283227666 0.4119074107565061 0.41109284607627705
0 0.43228533394325336 0.4155108240029432 0.4305457551346285 0.41992880192960924 0.4301729882470661 0.4250094765452751 0.42793638692169145 0.42567217323427503 0.427315108775754 0.4219168919966089 0.4271908531465666 0.41926610524060925 0.4271908531465665 0.4170571162772762 0.4271908531465665 0.41506902621027647 0.4269423418881916 0.4124182394542768 0.4283091538092539 0.41065104828361043 0.430918522022191 0.41396453172861003
0 0.4481900544792512 0.41462722841760996 0.4476930319625012 0.4194870041369426 0.4447108968620016 0.4225795886856088 0.4429713180533769 0.4221377908929423 0.44334408494093935 0.4197079030332759 0.4440896187160642 0.41683621738094295 0.4438411074576893 0.41263913835061017 0.4464504756706264 0.4141854306249433
0 0.46508882004874896 0.4124182394542769 0.4633492412401241 0.41860340855160943 0.46223094057743674 0.42103329641127574 0.4609883842855619 0.42059149861860906 0.4597458279936871 0.42014970082594244 0.459745827993687 0.41639441958827633 0.45987008362287457 0.4115346438689436 0.459994339252062 0.4093256549056106 0.46198242931906175 0.40954655380194394
0 0.4803722624388093 0.416173520691943 0.47912970614693445 0.4203705997222758 0.4777628942258721 0.4245676787526086 0.4758990597880599 0.4250094765452752 0.475153526012935 0.421254195307609 0.47502927038374754 0.4197079030332759 0.475153526012935 0.4157317228992764 0.47602331541724735 0.41263913835061017 0.47875693925937196 0.4141854306249433
0 0.49577996045805717 0.41506902621027647 0.4956557048288697 0.41926610524060925 0.4956557048288697 0.4221377908929422 0.49466165979536986 0.42324228537460873 0.4932948478743075 0.42390498206360866 0.4910582465489327 0.4228004875819421 0.4909339909197453 0.42059149861860906 0.4906854796613703 0.4179407118626094 0.49056122403218283 0.4157317228992764 0.49167952469487014 0.41219734055794355 0.49366761476186993 0.4124182394542768 0.4959042160872446 0.41374363283227666
0 0.5126787260275548 0.42014970082594255 0.5134242598026796 0.41639441958827633 0.5114361697356801 0.4157317228992765 0.5110634028481176 0.4124182394542768 0.5093238240394927 0.4119764416616103 0.5082055233768055 0.41263913835061017 0.5072114783433056 0.41771981296627614 0.5079570121184305 0.42081239751494237 0.508081267747618 0.42324228537460873 0.5096965909270552 0.42390498206360866
0 0.5316898372932398 0.4141854306249434 0.5313170704056773 0.4203705997222758 0.5285834465635526 0.4228004875819421 0.526346845238178 0.42390498206360866 0.5252285445754906 0.4236840831672754 0.5248557776879282 0.4203705997222758 0.5253528002046781 0.41860340855160943 0.5264711008673655 0.4170571162772762 0.5279621684176153 0.41528992510660984 0.5293289803386776 0.41308093614327673
0 0.5493341366378622 0.4119764416616103 0.5457307233914254 0.4157317228992764 0.5452337008746754 0.42059149861860906 0.5452337008746754 0.4241258809599419 0.5466005127957377 0.4241258809599419 0.548712858491925 0.42147509420394225 0.5493341366378622 0.41506902621027647