1 0.6639492753623188 0.3252818035426731 0.7133152173913043 0.32930756843800324 0.7450181159420289 0.34541062801932365 0.7522644927536232 0.3526570048309179 0.7576992753623188 0.3663446054750403 0.7581521739130435 0.39533011272141705 0.7545289855072463 0.4500805152979066 0.7604166666666666 0.49033816425120774 0.761322463768116 0.5442834138486312 0.75 0.6264090177133655 0.7459239130434783 0.6409017713365539 0.7364130434782609 0.6610305958132046 0.720108695652174 0.6706924315619968 0.6802536231884058 0.6755233494363929 0.5973731884057971 0.6706924315619968 0.542572463768116 0.6714975845410628 0.47101449275362317 0.677938808373591 0.40398550724637683 0.6884057971014492 0.3867753623188406 0.6884057971014492 0.36231884057971014 0.6827697262479872 0.3496376811594203 0.6747181964573269 0.34057971014492755 0.6618357487922706 0.33469202898550726 0.604669887278583 0.3342391304347826 0.5507246376811594 0.3269927536231884 0.4830917874396135 0.32608695652173914 0.4581320450885668 0.32971014492753625 0.3824476650563607 0.3401268115942029 0.36231884057971014 0.3532608695652174 0.35829307568438 0.3686594202898551 0.3615136876006441 0.4692028985507246 0.33816425120772947 0.5520833333333334 0.33011272141706927
0 0.36179083629332165 0.37511293012049174 0.3531518365844363 0.37976693669766903 0.35236647297453755 0.39838296300637827 0.3599583212035581 0.3895403505097414
0 0.386660683940113 0.3727859268319031 0.37854525997116 0.38023233735538675 0.3764509570114302 0.3844209432748464 0.37828347210119373 0.3890749498520236 0.3829956537605858 0.39186735379833004 0.3898021383797076 0.38721334722115275 0.3892785626397751 0.38023233735538675
0 0.4167662889862287 0.36440871499298394 0.4042004712278499 0.37371672814733853 0.40603298631761353 0.3830247413016932 0.41205410732683667 0.38535174459028176 0.41598092537633 0.38116313867082224 0.4199077434258233 0.3774399334090804
0 0.44687189403234445 0.3574277051272179 0.435876803493763 0.3648741156507016 0.43587680349376307 0.3737167281473385 0.44137434876305376 0.37743993340908033 0.4447775910726147 0.3746475294627739 0.4473954697722769 0.36580491696613704
0 0.47697749907846015 0.3523082978923229 0.4633645298402166 0.35975470841580653 0.46388810558014903 0.36580491696613704 0.47017101445933834 0.37092432420103216 0.4756685597286291 0.36952812222787895 0.4782864384282913 0.36394331433526617 0.4751449839886966 0.36115091038895974
0 0.5031562860750827 0.348585092630581 0.4958262257160283 0.3532390992077583 0.49111404405663633 0.360685509731242 0.49504086210612963 0.36673571828157253 0.4976587408057919 0.37418212880505625 0.5034180739450489 0.36766651959700797 0.5068213162546098 0.36487411565070155 0.5065595283846436 0.3602201090735243 0.5044652254249138 0.3574277051272179
0 0.5382358606505566 0.3476542913151455 0.529335073071705 0.3471888906574278 0.5214814369727183 0.3523082978923229 0.5206960733628196 0.3583585064426534 0.525670042892178 0.36347791367754845 0.5309058002915024 0.36115091038895974 0.5348326183409958 0.360685509731242
0 0.565461799127044 0.3476542913151455 0.5604878295976857 0.3481196919728633 0.5523724056287328 0.35370449986547603 0.5539431328485301 0.3588239071003711 0.5578699508980235 0.36487411565070155 0.5625821325574156 0.3620817117043952 0.5672943142168074 0.3560315031540647
0 0.5926877376035312 0.3471888906574278 0.5830015864147808 0.35184289723460516 0.57959834410522 0.35091209591916966 0.5769804654055578 0.3541699005231938 0.5845723136345784 0.3676665195970079 0.5887609195540379 0.36208171170439524 0.5937348890833961 0.3630125130198307 0.5932113133434637 0.3532390992077583
0 0.6248876456093768 0.343465685395686 0.6149397065506602 0.34811969197286324 0.6112746763711332 0.34672348999971003 0.6068242825817073 0.3518428972346051 0.6107511006312006 0.3588239071003711 0.6141543429407615 0.3583585064426534 0.6172957973803563 0.3653395163084194 0.6209608275598834 0.36115091038895974 0.6225315547796808 0.3527736985500406 0.6254112213493094 0.3481196919728633
0 0.6531607355657291 0.35510070183862924 0.6474014024264722 0.3471888906574278 0.6405949178073503 0.3504466952614519 0.639024190587553 0.35370449986547603 0.64268922076708 0.3625471123621129 0.6463542509466073 0.36627031762385487 0.6497574932561682 0.3630125130198307 0.6523753719558303 0.3620817117043952
0 0.6793395225623514 0.3411386821070973 0.6662501290640401 0.3453272880265569 0.6657265533241078 0.3523082978923229 0.6712240985933984 0.35975470841580653 0.6756744923828243 0.35975470841580653 0.6777687953425541 0.3546353011809115 0.6809102497821488 0.3541699005231938 0.6814338255220812 0.3453272880265569 0.6806484619121825 0.3430002847379682
0 0.7083979761286023 0.3476542913151455 0.6968793098500884 0.3490504932882987 0.6958321583702236 0.3560315031540647 0.7002825521596493 0.3653395163084194 0.7065654610388387 0.3653395163084193 0.7099687033483996 0.36115091038895974