1 0.7015398550724637 0.32689210950080516 0.7115036231884058 0.32689210950080516 0.7382246376811594 0.33816425120772947 0.7509057971014492 0.3502415458937198 0.7558876811594203 0.36312399355877617 0.7572463768115942 0.40660225442834136 0.7540760869565217 0.42995169082125606 0.7536231884057971 0.4533011272141707 0.7608695652173914 0.4855072463768116 0.7626811594202898 0.5322061191626409 0.7608695652173914 0.5458937198067633 0.7531702898550725 0.57085346215781 0.7504528985507246 0.6215780998389694 0.7459239130434783 0.6352657004830918 0.7346014492753623 0.6570048309178744 0.7151268115942029 0.6690821256038647 0.6802536231884058 0.6763285024154589 0.5765398550724637 0.6706924315619968 0.4651268115942029 0.6763285024154589 0.4461050724637681 0.6811594202898551 0.39855072463768115 0.6859903381642513 0.3541666666666667 0.6755233494363929 0.3451086956521739 0.6706924315619968 0.33967391304347827 0.6626409017713365 0.3383152173913043 0.6561996779388084 0.33967391304347827 0.6304347826086957 0.3342391304347826 0.6038647342995169 0.3342391304347826 0.5531400966183575 0.32518115942028986 0.4855072463768116 0.3242753623188406 0.45410628019323673 0.32653985507246375 0.4428341384863124 0.32653985507246375 0.40901771336553944 0.32971014492753625 0.38164251207729466 0.3333333333333333 0.37037037037037035 0.3428442028985507 0.35909822866344604 0.35144927536231885 0.357487922705314 0.37182971014492755 0.36312399355877617 0.3822463768115942 0.35829307568438 0.39945652173913043 0.35668276972624796 0.46648550724637683 0.3389694041867955 0.48731884057971014 0.34057971014492755 0.5185688405797102 0.3357487922705314 0.5371376811594203 0.3285024154589372 0.5430253623188406 0.3285024154589372 0.5461956521739131 0.33413848631239934 0.5507246376811594 0.33011272141706927 0.5625 0.32930756843800324 0.5783514492753623 0.33494363929146537 0.5842391304347826 0.33172302737520126 0.6028079710144928 0.3333333333333333 0.6209239130434783 0.3285024154589372 0.657608695652174 0.3309178743961353
0 0.36096155263106233 0.3757300478864754 0.36074185600742803 0.38822834469766787 0.35766610327654863 0.39525863665396366 0.3530524741802295 0.39486806487861387 0.353491867427498 0.39018120357441666 0.35239338430932676 0.3839320551688204 0.35129490119115553 0.3792451938646232 0.3548100471693035 0.3757300478864753
0 0.38117364200541276 0.3749489043357758 0.37743879940363056 0.3784640503139237 0.37743879940363056 0.3874472011469683 0.38249182174721813 0.3886189164730176 0.3864463609726346 0.3886189164730176 0.38930241707987967 0.3843226269441702 0.3899615069507824 0.38002633741532277 0.38776454071444 0.372996045459027
0 0.4167644950341602 0.3632317510752828 0.4114917760669383 0.3686997559301795 0.4038023942397398 0.3722149019083274 0.40402209086337404 0.38119805274137203 0.4088554165833274 0.38549434227021945 0.413908438926915 0.38276033984277114 0.41830237139959986 0.38002633741532277 0.42049933763594227 0.3769017632125246 0.4191811578941368 0.3726054736836772
0 0.44290839324663517 0.3558108873436372 0.43653719116124207 0.361278892198534 0.43434022492489965 0.3647940381766819 0.43434022492489965 0.37065261480692835 0.4369765844085105 0.37533947611112556 0.44005233713938996 0.3776829067632242 0.4424689999993667 0.37612061966182514 0.4448856628593434 0.3710431865822782 0.4484008088374913 0.36791861237948004 0.4479614155902228 0.3608883204231842
0 0.4723477408136238 0.35073345426409025 0.4629007859973513 0.3585448897710856 0.4631204826209856 0.3655751817273814 0.46465835898642527 0.3702620430315786 0.46949168470637853 0.37143375835762793 0.47432501042633207 0.36948089948087903 0.47784015640447997 0.3651846099520316 0.4769613699099428 0.35893546154643535 0.4745447070499662 0.3585448897710856 0.47388561717906347 0.35073345426409025
0 0.5037643579933206 0.34526544940919357 0.49102195382253455 0.3538580284668884 0.4903628639516317 0.3604977486478344 0.4945370998006824 0.3620600357492335 0.49761285253156184 0.3726054736836772 0.5017870883806125 0.36635632527808093 0.5046431444878575 0.36284117929993304 0.5066204141005658 0.3593260333217851 0.5046431444878575 0.35463917201758793 0.504203751240589 0.3468277365105926
0 0.5360597616675544 0.34565602118454336 0.523976447367671 0.3503428824887405 0.520241604765889 0.3550297437929377 0.5200219081422547 0.3604977486478344 0.5244158406149395 0.362841179299933 0.5281506832167218 0.3632317510752828 0.5336430988075778 0.36088832042318414 0.5371582447857257 0.3593260333217851
0 0.5652794126109089 0.34604659295989315 0.5595673003964186 0.34682773651059257 0.553635491558294 0.35151459781478983 0.5507794354510488 0.35463917201758793 0.5518779185692201 0.3632317510752828 0.5562718510419049 0.3651846099520316 0.5615445700091267 0.3616694639738837
0 0.591643007447018 0.34448430585849404 0.578021816781695 0.35502974379293767 0.5837339289961854 0.36362232285063256 0.5909839175761155 0.36127889219853393 0.5947187601778974 0.3597166050971348 0.5929611871888235 0.3526863131408391
0 0.6252565908630574 0.3417503034310457 0.6074611643486837 0.35190516959013957 0.6096581305850259 0.36010717687248467 0.616029332670419 0.3632317510752828 0.6199838718958354 0.36713746882878046 0.6228399280030807 0.3581543179957359 0.6243778043685204 0.3522957413654893
0 0.648544432968287 0.34331259053244473 0.6388777815283805 0.3515145978147898 0.6417338376356257 0.3573731744450363 0.6434914106246996 0.3655751817273814 0.650961095828264 0.36127889219853393 0.6514004890755324 0.3538580284668884 0.6494232194628242 0.3491711671626912
0 0.679961050147984 0.3397974445542968 0.6648019831172213 0.34760888006129215 0.6661201628590268 0.35502974379293767 0.6709534885789801 0.3608883204231842 0.673589848062591 0.3632317510752828 0.6788625670298127 0.35502974379293767 0.6834761961261319 0.35112402603944
0 0.7107185774567782 0.34331259053244473 0.6959989036732838 0.3491711671626912 0.6964382969205524 0.35893546154643535 0.7001731395223345 0.3644034664013321 0.7041276787477507 0.36440346640133203 0.7087413078440699 0.36088832042318414 0.7120367571985835 0.3585448897710856 0.7058852517368248 0.3558108873436372 0.7118170605749493 0.3503428824887405 0.7118170605749493 0.34526544940919357