1 0.6933876811594203 0.32930756843800324 0.7092391304347826 0.33011272141706927 0.7364130434782609 0.34057971014492755 0.7495471014492754 0.35426731078904994 0.7563405797101449 0.37037037037037035 0.7576992753623188 0.40499194847020936 0.7545289855072463 0.4500805152979066 0.759963768115942 0.499194847020934 0.7595108695652174 0.5458937198067633 0.7509057971014492 0.6215780998389694 0.7463768115942029 0.6368760064412239 0.7323369565217391 0.6594202898550725 0.7092391304347826 0.6747181964573269 0.6870471014492754 0.678743961352657 0.6394927536231884 0.678743961352657 0.5806159420289855 0.6739130434782609 0.46875 0.6811594202898551 0.39945652173913043 0.6900161030595813 0.3555253623188406 0.6851851851851852 0.3442028985507246 0.678743961352657 0.3383152173913043 0.6698872785829307 0.33605072463768115 0.6602254428341385 0.3365036231884058 0.6320450885668277 0.3328804347826087 0.6095008051529791 0.33242753623188404 0.5692431561996779 0.3233695652173913 0.4822866344605475 0.322463768115942 0.45410628019323673 0.32472826086956524 0.43719806763285024 0.32563405797101447 0.392914653784219 0.3278985507246377 0.38003220611916266 0.3401268115942029 0.3607085346215781 0.3691123188405797 0.3615136876006441 0.45561594202898553 0.3421900161030596 0.5307971014492754 0.3333333333333333
0 0.36072911787349154 0.3775372846561274 0.36072911787349154 0.3831068547142789 0.35782001208418923 0.3954394741287573 0.3517780231371766 0.39623512699420743 0.3524493552424003 0.3882785983397053 0.3508829136635452 0.3803220696852031 0.35177802313717665 0.3751503260597767
0 0.38870128892447575 0.37236554103070096 0.38847751155606786 0.37713945822340234 0.39093906260855443 0.37992424325247803 0.38914884366129143 0.38628946617607973 0.38467329629313396 0.3894720776378806 0.3813166357670159 0.3902677305033308 0.3804215262933844 0.3882785983397053 0.3781837526093057 0.38788077190698017 0.3763935336620427 0.3807198961179283 0.38310685471427885 0.37554815249250184
0 0.41689723734386774 0.365204665241649 0.404141927344619 0.37276336746342614 0.4048132594498426 0.3791285903870278 0.4070510331339213 0.3827090282815538 0.40884125208118427 0.38151554898337847 0.41152658050207874 0.3827090282815538 0.416449682607052 0.37992424325247803 0.4209252299752094 0.37793511108885247 0.4191350110279465 0.37117206173252565 0.4177923468174992 0.3695807560016252
0 0.44464563102644405 0.35923726875077244 0.43547075892172116 0.365204665241649 0.43591831365853695 0.3711720617325257 0.4381560873426157 0.37594597892522696 0.43994630628987863 0.3771394582234023 0.44352674418440463 0.3731611938961512 0.44576451786848337 0.3695807560016252 0.4457645178684834 0.3644090123761988
0 0.4753031304983226 0.3508829136635452 0.46321915260429747 0.3596350951834975 0.46321915260429747 0.3644090123761988 0.4683660320776785 0.37117206173252565 0.4748555757615069 0.3703764088670754 0.4784360136560329 0.3671937974052746 0.4788835683928486 0.3608285744816729 0.4748555757615069 0.3608285744816729 0.474631798393099 0.357645963019872
0 0.504617965759754 0.350087260798095 0.49969486365478083 0.3508829136635452 0.49163887839209747 0.3572481365871469 0.4929815426025446 0.3624198802125733 0.4963382031286627 0.3703764088670754 0.5021564147072674 0.36679597097254946 0.5023801920756753 0.3604307480489477
0 0.5368419068104877 0.346506822903569 0.5202823815483052 0.3508829136635452 0.5191634947062658 0.35565683085624644 0.5209537136535287 0.3608285744816729 0.5252054836532783 0.3616242273471231 0.5303523631266595 0.3608285744816729 0.5368419068104877 0.3604307480489477 0.5357230199684484 0.3528720458271707
0 0.5632476362826168 0.3477003022017443 0.5520587678622231 0.3544633515580711 0.5531776547042625 0.3596350951834975 0.55765320207242 0.36918292956890014 0.5603385304933145 0.36600031810709927 0.5619049720721696 0.3616242273471231
0 0.5909960299651931 0.35008726079809493 0.5838351541761412 0.35406552512534595 0.5771218331239049 0.3552590044235213 0.5802547162816152 0.36202205377984814 0.5849540410181805 0.3628177066452984 0.5869680373338514 0.36679597097254946 0.589429588386338 0.36281770664529844 0.5918911394388245 0.361226400914398 0.592786248912456 0.3588394423180473 0.5914435847020088 0.3524742193944456
0 0.6254577447000055 0.342926385009043 0.60710800049056 0.3508829136635452 0.6091219968062308 0.35685031015442176 0.6153877631216513 0.3608285744816729 0.6174017594373221 0.36480683880892395 0.6205346425950324 0.36202205377984814 0.6223248615422954 0.357645963019872 0.624562635226374 0.35486117799079625 0.6243388578579662 0.34889378149991956
0 0.6473879268039772 0.3461089964708438 0.6375417225940307 0.3528720458271707 0.6415697152253724 0.35685031015442176 0.644031266277859 0.3608285744816729 0.6496257004880559 0.36401118594347376 0.6496257004880558 0.3592372687507724 0.6489543683828323 0.3524742193944455
0 0.679164313117895 0.3417329057108676 0.668646776802725 0.3469046493362941 0.6659614483818307 0.3477003022017443 0.6655138936450149 0.35207639296172044 0.6706607731183959 0.3572481365871468 0.6744649883813298 0.36003292161622263 0.6769265394338164 0.35486117799079625 0.6805069773283423 0.354065525125346 0.6840874152228683 0.3528720458271707 0.6814020868019738 0.3477003022017443
0 0.7087029257477344 0.346506822903569 0.6979616120641565 0.3488937814999196 0.6975140573273407 0.35486117799079625 0.6979616120641564 0.35923726875077244 0.7013182725902745 0.36202205377984814 0.7035560462743532 0.36202205377984814 0.7055700425900241 0.3580437894525971 0.7062413746952478 0.35326987225989587