1 0.2957427536231884 0.4033816425120773 0.389945652173913 0.40660225442834136 0.5593297101449275 0.40660225442834136 0.6222826086956522 0.4178743961352657 0.6440217391304348 0.4331723027375201 0.6503623188405797 0.4420289855072464 0.654891304347826 0.4613526570048309 0.6517210144927537 0.4927536231884058 0.6521739130434783 0.5475040257648953 0.6435688405797102 0.5982286634460547 0.6345108695652174 0.6352657004830918 0.6277173913043478 0.6956521739130435 0.6240942028985508 0.7133655394524959 0.6182065217391305 0.7246376811594203 0.6109601449275363 0.7294685990338164 0.5674818840579711 0.7383252818035426 0.442481884057971 0.7318840579710145 0.31521739130434784 0.7415458937198067 0.27943840579710144 0.7383252818035426 0.264945652173913 0.7294685990338164 0.2513586956521739 0.7053140096618358 0.2368659420289855 0.6706924315619968 0.23369565217391305 0.6578099838969405 0.2269021739130435 0.6207729468599034 0.22327898550724637 0.5668276972624798 0.2128623188405797 0.5169082125603864 0.2105978260869565 0.49597423510466987 0.2105978260869565 0.46859903381642515 0.2128623188405797 0.45491143317230276 0.22192028985507245 0.43800322061191627 0.2418478260869565 0.4170692431561997 0.2644927536231884 0.40660225442834136
0 0.26559302110202965 0.44077487527920706 0.25566087211344957 0.44927646782910274 0.25106265498910696 0.454508217090577 0.24811979602952766 0.45287329544636634 0.24793586734455403 0.4443717028964706 0.24628050917979064 0.44110185960804926 0.24701622391968545 0.4355431260177328 0.24775193865958028 0.4316193140716271 0.2565805155383181 0.43488915736004846
0 0.2981483983423754 0.44077487527920706 0.2920787517382431 0.4443717028964706 0.28619303381908456 0.4518923424598399 0.28398588959940013 0.45320027977520844 0.2832501748595053 0.44862249917141844 0.28251446011961046 0.44535265588299705 0.2790198151051101 0.43913995363499636 0.2790198151051101 0.4381590006484699 0.27957160116003116 0.4296574080985742 0.2814108880097682 0.4283494707832057 0.29005553620353236 0.43488915736004846
0 0.3255537724034574 0.43652407900425927 0.3187484110594303 0.4437177342387864 0.31506983735995625 0.4505844051444713 0.3112073349755084 0.45156535813099774 0.3088162620708503 0.44764154618489205 0.3075287612760344 0.4424097969234178 0.30826447601592916 0.4384859849773121 0.3071609039060869 0.4332542357158379 0.30826447601592916 0.4296574080985742 0.3128626931402717 0.42900343944089 0.315805552099851 0.43521614168889067
0 0.35498236199925015 0.43881296930615427 0.34652164249045975 0.4460066245406814 0.3430269974759593 0.44894948350026065 0.3421073540510908 0.44894948350026065 0.33990020983140634 0.4437177342387864 0.33861270903659046 0.4375050319907856 0.33916449509151153 0.43358122004468 0.33971628114643265 0.4286764551120479 0.34081985325627484 0.426714549138995 0.3430269974759593 0.426714549138995 0.3459698564355386 0.4316193140716271 0.3500162875049601 0.4355431260177328
0 0.38919309740435926 0.4378320163196278 0.384962737649964 0.4420828125945757 0.379996663155674 0.4460066245406813 0.375030588661384 0.4482955148425763 0.37116808627693615 0.44077487527920706 0.375030588661384 0.4394669379638385 0.3753984460313314 0.4326002670581536 0.3753984460313314 0.4280224864543635 0.37962880578572655 0.42867645511204777 0.38165202132043735 0.4306383610851007
0 0.4162306140954938 0.4420828125945756 0.4107127535462826 0.44764154618489205 0.4081377519566508 0.4496034521579449 0.40685025116183493 0.44927646782910274 0.40611453642194006 0.4440447185676284 0.4070341798468085 0.43881296930615427 0.40666632247686113 0.43292725138699567 0.40666632247686113 0.4306383610851007 0.41089668223125636 0.431292329742785 0.4121841830260723 0.43652407900425927
0 0.4498895634456818 0.4381590006484699 0.4430842021016548 0.4437177342387864 0.4392216997172069 0.44698757752720775 0.4377502702374173 0.44567964021183926 0.4359109833876802 0.44306376558110205 0.43517526864778544 0.44273678125225996 0.43609491207265394 0.4355431260177328 0.4371984841824961 0.4316193140716271 0.44161277262186505 0.43227328272931137 0.4427163447317073 0.4332542357158378 0.4465788471161551 0.4335812200446799 0.4495217060757344 0.43456217303120637
0 0.48097351120623794 0.4342351887023642 0.48097351120623794 0.4394669379638385 0.4772949375067638 0.44110185960804926 0.4728806490673949 0.44796853051373425 0.47122529090263154 0.4443717028964706 0.4686502893129997 0.4443717028964706 0.466627073778289 0.4394669379638385 0.46754671720315744 0.43488915736004846 0.46883421799797337 0.4280224864543635 0.4726967203824211 0.42900343944089 0.4750877932870793 0.43096534541394277
0 0.5085628139522936 0.4335812200446799 0.5076431705274251 0.43848598497731206 0.5047003115678457 0.44469868722531275 0.5001020944435032 0.4463336088695235 0.49936637970360825 0.44502567155415496 0.5006538804984243 0.43913995363499636 0.5006538804984243 0.4355431260177328 0.49807887890879243 0.4299843924274164 0.4988145936486872 0.4286764551120479 0.5017574526082664 0.4276955021255213
0 0.5414860485625868 0.43456217303120637 0.5409342625076656 0.4394669379638385 0.5354164019584544 0.44306376558110205 0.5341289011636385 0.44666059319836565 0.5310021135190856 0.44339074990994415 0.5297146127242697 0.4417558282657335 0.5295306840392959 0.43456217303120637 0.5298985414092433 0.431292329742785 0.5304503274641644 0.4276955021255213 0.5418539059325341 0.433908204373522
0 0.5729378536930902 0.4394669379638385 0.5722021389531954 0.44567964021183926 0.5687074939386951 0.4499304364867871 0.5659485636640894 0.4518923424598399 0.5620860612796416 0.44862249917141844 0.5607985604848257 0.4397939222926806 0.560614631799852 0.4335812200446799 0.5626378473345628 0.4319462984004692 0.5648449915542473 0.4378320163196278
0 0.6019985859189355 0.4499304364867871 0.6021825146039094 0.4561431387347878 0.597400368794593 0.4574510760501562 0.594825367204961 0.46137488799626203 0.5896753640256973 0.4581050447078406 0.5883878632308814 0.456797107392472 0.588020005860934 0.44927646782910274 0.5891235779707763 0.4463336088695235 0.5905950074505659 0.44273678125225996 0.5916985795604082 0.4375050319907856 0.5939057237800925 0.4443717028964706
0 0.6209432404712272 0.44306376558110205 0.6187360962515428 0.44698757752720775 0.6211271691562009 0.4639907626269991 0.6249896715406487 0.4675875902442627 0.6270128870753594 0.4600669506808935 0.6259093149655173 0.45287329544636634 0.6244378854857275 0.44927646782910274