1 0.34057971014492755 0.4082125603864734 0.3759057971014493 0.4106280193236715 0.5466485507246377 0.40901771336553944 0.5711050724637681 0.41223832528180354 0.6064311594202898 0.4219001610305958 0.6295289855072463 0.42351046698872785 0.6435688405797102 0.43397745571658614 0.6494565217391305 0.4444444444444444 0.6535326086956522 0.463768115942029 0.6508152173913043 0.4943639291465378 0.6503623188405797 0.5507246376811594 0.6440217391304348 0.5917874396135265 0.6345108695652174 0.6352657004830918 0.623641304347826 0.7101449275362319 0.6186594202898551 0.7198067632850241 0.6118659420289855 0.7262479871175523 0.5597826086956522 0.7391304347826086 0.47146739130434784 0.7326892109500805 0.33469202898550726 0.7391304347826086 0.286231884057971 0.7391304347826086 0.2644927536231884 0.7359098228663447 0.24048913043478262 0.6835748792270532 0.22735507246376813 0.6336553945249598 0.223731884057971 0.5950080515297906 0.223731884057971 0.5692431561996779 0.20923913043478262 0.4967793880837359 0.20923913043478262 0.45491143317230276 0.21603260869565216 0.44041867954911434 0.22509057971014493 0.42914653784219003 0.24909420289855072 0.41545893719806765 0.27807971014492755 0.40982286634460546
0 0.2659507955308954 0.4395217030780278 0.26014119077415254 0.44449453348709167 0.2476612990744827 0.45750039763387407 0.24572476415556846 0.4536751434730557 0.24680061688829863 0.44793726223182817 0.2472309579813907 0.44181685557451883 0.2472309579813907 0.439139177661946 0.24701578743484465 0.43454887266896397 0.24550959360902241 0.42728088976340917 0.2491674929003049 0.42689836434732725 0.2511040278192192 0.4295760422599001 0.2530405627381335 0.42995856767598195 0.2554074387501398 0.43531392350112763 0.25949567913451443 0.4364614997493731 0.26293840787925093 0.4383741268297823
0 0.2997325713386224 0.44028675391019145 0.2939229665818796 0.44449453348709167 0.2881133618251367 0.4479372622318283 0.28424029198730816 0.45214504180872844 0.28294926870803194 0.45176251639264664 0.28187341597530174 0.44564210973533724 0.27950653996329544 0.443729482654928 0.2775700050443812 0.43990422849410976 0.27627898176510496 0.4376090759976186 0.27843068723056524 0.43531392350112763 0.27886102832365733 0.43034109309206375 0.27929136941674937 0.42804594059557277 0.2820885865218478 0.4276634151794909 0.2827340981614859 0.43034109309206386 0.28488580362694627 0.43225372017247304 0.29048023783714305 0.43340129642071845 0.2928471138491494 0.4341663472528821 0.2993022302455304 0.4395217030780278
0 0.32727440129651447 0.43569644891720943 0.31759172670194313 0.446024635151419 0.31457933905029867 0.45137999097656467 0.3111366103055621 0.4494673638961555 0.31006075757283197 0.4464071605675008 0.3111366103055621 0.4441120080710098 0.31328831577102245 0.44219938099060063 0.31328831577102245 0.43799160141370047 0.31135178085210813 0.4349313980850458 0.31135178085210813 0.43378382183680037 0.31135178085210813 0.4311061439242275 0.31328831577102245 0.4295760422599001 0.3150096801433907 0.4341663472528821 0.3165158739692129 0.43531392350112763 0.3190979205277653 0.4360789743332913 0.3277047423896066 0.4349313980850459
0 0.3601954949180574 0.43569644891720943 0.34793077376493353 0.44525958431925533 0.34298185119437485 0.4494673638961556 0.34169082791509864 0.44793726223182817 0.3408301457289145 0.443729482654928 0.3408301457289145 0.43875665224586413 0.34061497518236855 0.4345488726689639 0.3403998046358224 0.4318711947563911 0.34104531627546053 0.4284284660116547 0.34276668064782884 0.42689836434732725 0.34620940939256534 0.4341663472528821 0.35094316141657805 0.4341663472528821 0.35352520797513043 0.4326362455885548 0.35718310726641295 0.4318711947563911
0 0.3898890303414098 0.4379916014137004 0.3814973790261146 0.44525958431925533 0.37611811536246376 0.44564210973533724 0.3731057277108193 0.44525958431925533 0.3741815804435495 0.44143433015843697 0.3746119215366416 0.43531392350112763 0.3741815804435495 0.4318711947563912 0.3750422626297336 0.42804594059557277 0.37783947973483206 0.42804594059557277 0.37956084410720026 0.43148866934030927 0.3817125495726606 0.4318711947563911 0.38450976667775905 0.43340129642071845 0.38644630159667326 0.43569644891720943
0 0.41807637193894004 0.43875665224586413 0.4088240384374606 0.4490848384800737 0.40581165078581616 0.44793726223182817 0.404735798053086 0.44181685557451883 0.40452062750653994 0.4360789743332914 0.40559648023927014 0.4326362455885548 0.40538130969272407 0.4276634151794909 0.40989989117019077 0.42728088976340917 0.4111909144494669 0.4276634151794909 0.41183642608910503 0.43148866934030927 0.41312744936838125 0.43684402516545495
0 0.4507822950139368 0.4360789743332914 0.4479850779088384 0.4395217030780279 0.4413147909659114 0.44334695723884615 0.4387327444073591 0.44334695723884615 0.43485967456953045 0.4429644318227644 0.4335686512902543 0.44219938099060074 0.4344293334764384 0.43454887266896397 0.43550518620916856 0.43034109309206386 0.4374417211280829 0.4295760422599002 0.4464788840830162 0.4326362455885548
0 0.4819820242631114 0.4330187710046366 0.4819820242631115 0.4360789743332914 0.47079315584271775 0.4475547368157463 0.4660594038187051 0.443729482654928 0.46476838053942887 0.4429644318227644 0.4671352565514353 0.43569644891720954 0.4673504270979813 0.43034109309206386 0.4684262798307114 0.42345563560259075 0.47272969076163207 0.42995856767598195 0.47853929551837493 0.4330187710046366
0 0.5116755596864639 0.4360789743332914 0.5045749316504449 0.44219938099060063 0.5004866912660701 0.4448770589031735 0.49876532689370195 0.4448770589031735 0.4963984508816955 0.443729482654928 0.49553776869551147 0.4425819064066825 0.4961832803351496 0.4372265505815368 0.4972591330678797 0.43454887266896397 0.4972591330678797 0.42804594059557277 0.4976894741609718 0.4246032118508363 0.5062962960228131 0.42881099142773643
0 0.5417994362029083 0.43148866934030927 0.5422297772960003 0.4376090759976187 0.5329774437945212 0.45023241472831926 0.5310409088756067 0.4464071605675008 0.5288892034101464 0.4464071605675008 0.5284588623170543 0.4341663472528821 0.5291043739566923 0.4295760422599002 0.5321167616083368 0.42804594059557277
0 0.5764418941968195 0.43990422849410965 0.5755812120106354 0.44525958431925533 0.5671895606953401 0.45214504180872833 0.5624558086713273 0.4475547368157463 0.5600889326593211 0.44525958431925533 0.559658591566229 0.43875665224586413 0.5603041032058671 0.4311061439242275 0.5622406381247814 0.43034109309206386 0.5682654134280704 0.4376090759976187
0 0.6020471892357973 0.4475547368157464 0.6037685536081655 0.45673534680171046 0.5962375844790543 0.4620907026268561 0.5930100262808639 0.4636208042911834 0.5893521269895814 0.46094312637861057 0.5876307626172131 0.45444019430521937 0.5872004215241211 0.44870231306399183 0.5897824680826734 0.4441120080710098 0.5912886619084956 0.44143433015843697 0.5921493440946798 0.4383741268297824 0.5962375844790544 0.443729482654928
0 0.6244249260765847 0.44678968598358265 0.6280828253678671 0.45520524513738303 0.6285131664609592 0.4647683805394289 0.6252856082627687 0.4682111092841654 0.6224883911576703 0.4659159567876744 0.6194760035060259 0.45788292304995587 0.6177546391336576 0.4494673638961556 0.6199063445991179 0.44372948265492795