1 0.2807971014492754 0.40982286634460546 0.38632246376811596 0.41304347826086957 0.5457427536231884 0.4106280193236715 0.6231884057971014 0.42351046698872785 0.6426630434782609 0.43397745571658614 0.6494565217391305 0.4428341384863124 0.6539855072463768 0.463768115942029 0.6517210144927537 0.49355877616747185 0.6517210144927537 0.5458937198067633 0.6426630434782609 0.5990338164251208 0.6358695652173914 0.6280193236714976 0.6245471014492754 0.7093397745571659 0.6186594202898551 0.7198067632850241 0.6114130434782609 0.7254428341384863 0.5647644927536232 0.7375201288244766 0.4633152173913043 0.7286634460547504 0.39719202898550726 0.7318840579710145 0.32382246376811596 0.7423510466988728 0.291213768115942 0.7423510466988728 0.2653985507246377 0.7367149758454107 0.2617753623188406 0.7318840579710145 0.23777173913043478 0.6706924315619968 0.2296195652173913 0.6352657004830918 0.22509057971014493 0.5982286634460547 0.2246376811594203 0.5676328502415459 0.2115036231884058 0.4967793880837359 0.2115036231884058 0.46859903381642515 0.21331521739130435 0.45652173913043476 0.21784420289855072 0.44605475040257647 0.22644927536231885 0.4323671497584541 0.23641304347826086 0.4227053140096618 0.2513586956521739 0.4146537842190016
0 0.26420460378777183 0.4410076671943457 0.2590322348804154 0.4479961122958408 0.253239181704176 0.4527776799968637 0.24868749706570228 0.45608799609757184 0.24682544425905392 0.4527776799968638 0.25158402365382193 0.4465248606955261 0.253239181704176 0.4417432929945032 0.2528253921915875 0.43732953819355885 0.252411602678999 0.4321801575924572 0.25717018207376696 0.4332835962926933 0.2623425509811235 0.4340192220928507
0 0.29937671235779634 0.44211110589458175 0.2952388172319111 0.4450536090952113 0.2915147116186144 0.4494673638961556 0.2851009741734923 0.45314549289694234 0.2838596056357267 0.4535133057970211 0.28427339514831523 0.44542142199529006 0.2824113423416669 0.44211110589458186 0.28034239477872425 0.43843297689379496 0.2795148157535472 0.42886984149174906 0.28137686856019556 0.4285020285916703 0.28592855319866933 0.4329157833926146 0.2923422906437914 0.43365140919277195 0.2942043434504398 0.434754847893008 0.29772155430744224 0.43732953819355885
0 0.32544545165087324 0.43659391239340156 0.32192824079387083 0.44137548009442445 0.3177903456679856 0.4446857961951326 0.31572139810504296 0.4509386154964703 0.3128248715169233 0.4487317380959982 0.31220418724804055 0.44689267359560475 0.3130317662732176 0.4446857961951326 0.31323866102951187 0.4402720413941884 0.3115835029791577 0.43732953819355885 0.310962818710275 0.43218015759245726 0.31344555578580613 0.43034109309206386 0.3148938190798659 0.43218015759245726 0.3175834509116914 0.4347548478930081 0.3182041351805741 0.4354904736931654
0 0.35751413887648376 0.43659391239340145 0.3515141909439502 0.44063985429426705 0.3448935587425338 0.44689267359560475 0.3436521902047683 0.4494673638961555 0.3407556636166486 0.45057080259639165 0.33889361081000025 0.4479961122958408 0.3403418741040601 0.44063985429426705 0.3407556636166486 0.43585828659324416 0.3407556636166486 0.42960546729190646 0.3432384006921797 0.42666296409127696 0.3459280325240051 0.4307089059921425 0.3477900853306535 0.43181234469237856 0.3494452433810076 0.43512266079308676 0.3519279804565387 0.4332835962926933 0.3548245070446584 0.4314445317922999
0 0.388548352320623 0.439536415594031 0.3794449830436755 0.44615704779544735 0.3763415616992616 0.4472604864956834 0.3748932984052017 0.4450536090952113 0.37261745608596486 0.4450536090952113 0.3719967718170821 0.44211110589458186 0.375100193161496 0.43843297689379496 0.3763415616992616 0.43659391239340145 0.37572087743037874 0.43218015759245726 0.3763415616992616 0.4270307769913556 0.37965187779996973 0.4299732801919851 0.3835828781695607 0.4307089059921425 0.3864794047576804 0.43438703499292936
0 0.41772051295811385 0.43953641559403095 0.40654819611822374 0.4509386154964703 0.4057206170930467 0.44615704779544735 0.40654819611822374 0.44137548009442445 0.40675509087451794 0.4332835962926933 0.40654819611822374 0.4307089059921425 0.4119274597818745 0.4314445317922999 0.41441019685740565 0.434754847893008 0.4168929339329368 0.43659391239340145
0 0.4506167792089014 0.43365140919277195 0.4495823054274301 0.43806516399371626 0.4446168312763678 0.4410076671943457 0.44192719944454245 0.44211110589458186 0.4388237781001285 0.44689267359560464 0.4379961990749515 0.4472604864956835 0.43675483053718595 0.4439501703949753 0.43282383016759496 0.4432145445948179 0.43178935638612365 0.44211110589458186 0.43137556687353507 0.43806516399371626 0.4332376196801835 0.4362260994933228 0.43468588297424327 0.4332835962926933 0.4365479357808916 0.43034109309206386 0.43882377810012846 0.42960546729190635 0.44358235749489655 0.43107671889222116
0 0.4804096241152751 0.43512266079308676 0.48103030838415783 0.4391686026939523 0.47606483423309565 0.441743292994503 0.4719269391072104 0.44689267359560464 0.4682028334939137 0.4432145445948178 0.46323735934285143 0.44211110589458175 0.46613388593097105 0.43953641559403095 0.46882351776279646 0.4384329768937949 0.46923730727538493 0.4340192220928507 0.4679959387376194 0.4251917124909622 0.47275451813238745 0.427766402791513 0.4754441499642128 0.43107671889222127
0 0.51123694280312 0.4369617252934802 0.5023404682824669 0.44505360909521124 0.49985773120693555 0.44284673169473915 0.49571983608105047 0.4432145445948178 0.49220262522404795 0.4424789187946605 0.49427157278699063 0.43806516399371626 0.496961204618816 0.4369617252934802 0.49737499413140457 0.43328359629269325 0.496961204618816 0.427766402791513 0.4979956784002873 0.42555952539104086 0.5019266787698783 0.4251917124909622 0.5114438375594142 0.4369617252934802
0 0.5426849457598477 0.4369617252934802 0.5344091555080773 0.4502029896963129 0.5327539974577232 0.4446857961951326 0.5292367866007207 0.44505360909521124 0.5282023128192495 0.4410076671943457 0.5286161023318379 0.43659391239340145 0.5296505761133092 0.43107671889222116 0.5304781551384863 0.42739858989143426 0.539788419171728 0.43218015759245726
0 0.5741329487165754 0.43953641559403095 0.5739260539602813 0.44431798329505395 0.5691674745655132 0.44836392519591944 0.5660640532210993 0.451306428396549 0.5627537371203911 0.4535133057970211 0.5606847895574485 0.44983517679623425 0.5586158419945059 0.4439501703949752 0.557167578700446 0.44284673169473915 0.5584089472382117 0.43843297689379496 0.5598572105322714 0.43438703499292936 0.5613054738263312 0.4299732801919851 0.5652364741959224 0.43585828659324405 0.5702019483469846 0.4376973510936375
0 0.6022706355725951 0.4472604864956834 0.6010292670348295 0.45167424129662764 0.6030982145977721 0.45755924769788664 0.6004085827659468 0.46013393799843744 0.598960319471887 0.45939831219828003 0.5933741610519417 0.46454769279938163 0.5884086869008796 0.457191434797808 0.5882017921445852 0.451306428396549 0.5892362659260566 0.4450536090952113 0.5896500554386451 0.44211110589458186 0.591925897757882 0.4380651639937163 0.5939948453208246 0.4380651639937163 0.5950293191022958 0.44284673169473915 0.5987534247155927 0.44542142199528995
0 0.6285462696219662 0.46013393799843744 0.6281324801093777 0.4645476927993817 0.6233739007146097 0.46859363470024734 0.6208911636390787 0.4645476927993817 0.6192360055887245 0.45939831219828015 0.6184084265635474 0.4549845573973359 0.6163394790006048 0.45057080259639154 0.6177877422946646 0.446524860695526 0.6217187426642556 0.4439501703949753 0.6250290587649637 0.44836392519591944 0.6256497430338466 0.45608799609757195