1 0.5389492753623188 0.3059581320450886 0.6539855072463768 0.3083735909822866 0.7028985507246377 0.31239935587761675 0.7155797101449275 0.31561996779388085 0.7341485507246377 0.32930756843800324 0.7441123188405797 0.33172302737520126 0.7463768115942029 0.3389694041867955 0.7459239130434783 0.355877616747182 0.7495471014492754 0.37922705314009664 0.7468297101449275 0.43800322061191627 0.7504528985507246 0.45974235104669886 0.7527173913043478 0.5056360708534622 0.7432065217391305 0.533816425120773 0.7382246376811594 0.5789049919484702 0.7305253623188406 0.606280193236715 0.7192028985507246 0.6207729468599034 0.698822463768116 0.6280193236714976 0.6322463768115942 0.6231884057971014 0.6173007246376812 0.6175523349436393 0.5905797101449275 0.6143317230273752 0.4651268115942029 0.6111111111111112 0.3917572463768116 0.6167471819645732 0.3808876811594203 0.6127214170692431 0.35688405797101447 0.6151368760064412 0.35280797101449274 0.6127214170692431 0.34692028985507245 0.5933977455716586 0.34692028985507245 0.5652173913043478 0.34148550724637683 0.535426731078905 0.34375 0.49838969404186795 0.34057971014492755 0.4822866344605475 0.3351449275362319 0.42028985507246375 0.3351449275362319 0.35185185185185186 0.3328804347826087 0.34541062801932365 0.3328804347826087 0.3389694041867955 0.33695652173913043 0.33011272141706927 0.35280797101449274 0.321256038647343 0.38269927536231885 0.32367149758454106 0.44519927536231885 0.3107890499194847
0 0.37068704202392794 0.33735979312270964 0.36750366093784465 0.33673097710570554 0.3584840811939418 0.3467920333777714 0.3606063352513306 0.3505649294797962 0.36007577173698346 0.35779631367534354 0.3632591528230668 0.3527657855393106 0.36821107895697425 0.35025052147129415 0.37051018751914555 0.3486784814287838 0.370687042023928 0.344276769309755
0 0.39597723620781233 0.33327248901218287 0.3920864371025994 0.3354733450716973 0.38837249250216876 0.33987505719072614 0.385896529435215 0.34050387320773023 0.3848354024065206 0.34239032125874264 0.3855428204256503 0.35528104960732704 0.3896104740356457 0.35370900956481677 0.3924401461121642 0.35528104960732704 0.39332441863607626 0.35308019354781267 0.3947392546743355 0.3493072974457879 0.3973920722460716 0.3486784814287838 0.4007523078369374 0.3493072974457879 0.3986300537795484 0.34396236130125296 0.3968615087317243 0.3401894651992282 0.3968615087317243 0.33547334507169735
0 0.42674992003995144 0.32855636888465195 0.4189683218295254 0.32981400091866026 0.4159617952482246 0.333586897020685 0.41260155965735873 0.3357877530801994 0.4136626866860532 0.34364795329275083 0.4177303402960486 0.34521999333526115 0.4207368668773495 0.34459117731825706 0.42285912093473843 0.3427047292672447 0.42551193850647456 0.3405038732077303 0.4276341925638635 0.33861742515671794 0.42781104706864587 0.3342157130376891 0.42745733805908104 0.33012840892716233
0 0.45274753224296543 0.32604110481663556 0.4462039155660163 0.3291851849016561 0.44248997096558573 0.32761314485914583 0.44231311646080335 0.32824196087615 0.4414288439368913 0.3310716329526685 0.44585020655645147 0.33861742515671794 0.44885673313775243 0.34270472926724466 0.4506252781855765 0.33987505719072614 0.45274753224296543 0.33673097710570554 0.4541623682812247 0.3345301210461911 0.4538086592716599 0.33044281693566435
0 0.4812211075129332 0.32195380070610874 0.4773303084077202 0.32352584074861906 0.47167096425468313 0.3291851849016561 0.46990241920685893 0.33075722494416643 0.4706098372259887 0.3345301210461911 0.4746774908359841 0.3383030171482158 0.47750716291250267 0.3383030171482158 0.47874514444597943 0.33798860913971374 0.4794525624651091 0.3354733450716973 0.48475819760858135 0.33421571303768904 0.4821053800368453 0.3288707768931541 0.48104425300815085 0.3254122887996314
0 0.5077492832302944 0.3197529446465944 0.5026205025916047 0.32415465676562316 0.49855284898160923 0.3257266968081335 0.5004982485342157 0.3326436729951787 0.5027973570963871 0.3376742011312117 0.5045659021442112 0.33956064918222406 0.5070418652111648 0.3370453851142076 0.5096946827829009 0.3301284089271623 0.5100483917924657 0.32729873685064376 0.5086335557542064 0.3238402487571211
0 0.5386988215672159 0.31818090460408405 0.5353385859763502 0.3191241286295902 0.5303866598424427 0.3225826167231129 0.5250810246989704 0.32666992083363966 0.5284412602898363 0.3313860409611706 0.531801495880702 0.3332724890121829 0.5344543134524381 0.33578775308019937 0.5349848769667853 0.3291851849016561 0.5397599485959105 0.32792755286764785 0.5399368031006927 0.323211432740117 0.5399368031006927 0.3197529446465943
0 0.5650501427797947 0.31818090460408405 0.559921362141105 0.32069616867210055 0.5574453990741512 0.3216393926976067 0.5569148355598039 0.3266699208336396 0.5576222535789336 0.33012840892716233 0.5597445076363224 0.333586897020685 0.5613361981793641 0.3313860409611705 0.5654038517893596 0.3317004489696726 0.5655807062941419 0.32509788079112933 0.5654038517893596 0.3213249846891046
0 0.5928163000306329 0.31943853663809224 0.5875106648871606 0.32163939269760666 0.5832661567723828 0.3216393926976067 0.5793753576671697 0.32289702473161497 0.5788447941528225 0.3254122887996314 0.5846809928106421 0.33107163295266845 0.5846809928106421 0.33232926498667675 0.5875106648871606 0.33295808100368085 0.5903403369636792 0.33956064918222406 0.5914014639923736 0.333586897020685 0.5933468635449801 0.33107163295266856 0.5949385540880219 0.32981400091866026 0.5942311360688922 0.32604110481663556 0.5928163000306329 0.32446906477412524
0 0.6267723649488552 0.31660886456157367 0.6195213302527766 0.3203817606635985 0.6138619860997395 0.32069616867210055 0.6085563509562671 0.3250978807911294 0.6069646604132255 0.3263555128251376 0.611916586547133 0.3291851849016561 0.6133314225853923 0.333901305029187 0.6175759307001701 0.33641656909720347 0.6207593117862535 0.33893183316521996 0.6232352748532072 0.3342157130376891 0.6250038199010313 0.3326436729951788 0.6242964018819016 0.33044281693566435 0.6257112379201608 0.32824196087615 0.626241801434508 0.32352584074861906
0 0.6515319956183925 0.3244690647741252 0.642689270379272 0.3269843288421417 0.6389753257788414 0.32824196087615 0.6428661248840544 0.333901305029187 0.6455189424557906 0.3405038732077303 0.646580069484485 0.34490558532675913 0.6492328870562212 0.3408182812162323 0.6524162681423044 0.33641656909720347 0.6525931226470869 0.3317004489696726 0.6499403050753508 0.3288707768931541
0 0.6840732244983556 0.3241546567656231 0.6762916262879296 0.3272987368506438 0.667802610058374 0.3288707768931541 0.6644423744675083 0.3291851849016561 0.6697480096109806 0.3357877530801993 0.6727545361922814 0.3420759132502406 0.6738156632209759 0.34239032125874264 0.674699935744888 0.33798860913971374 0.6759379172783647 0.3361021610887014 0.6771758988118417 0.3354733450716973 0.6798287163835778 0.3326436729951787 0.6819509704409666 0.3323292649866767 0.6838963699935732 0.3304428169356643 0.6831889519744436 0.3276131448591458
0 0.708479146158328 0.33232926498667675 0.7044114925483326 0.33578775308019937 0.6948613492900826 0.3342157130376891 0.6969836033474713 0.33987505719072614 0.7012281114622492 0.3455344013437632 0.7026429475005085 0.3511937454968003 0.7070643101200687 0.3521369695223065 0.7070643101200687 0.34490558532675913 0.7081254371487632 0.3417615052417385 0.7079485826439808 0.3364165690972035