1 0.416213768115942 0.3107890499194847 0.5058876811594203 0.3107890499194847 0.5529891304347826 0.3148148148148148 0.6186594202898551 0.32930756843800324 0.6286231884057971 0.33413848631239934 0.6367753623188406 0.3421900161030596 0.6422101449275363 0.3526570048309179 0.6440217391304348 0.3639291465378422 0.6440217391304348 0.38003220611916266 0.6385869565217391 0.41304347826086957 0.6394927536231884 0.44847020933977455 0.6322463768115942 0.4919484702093398 0.6213768115942029 0.5289855072463768 0.6204710144927537 0.5499194847020934 0.623641304347826 0.572463768115942 0.6163949275362319 0.5909822866344605 0.613677536231884 0.6127214170692431 0.6100543478260869 0.6256038647342995 0.6068840579710145 0.6288244766505636 0.582427536231884 0.6288244766505636 0.5566123188405797 0.6352657004830918 0.4941123188405797 0.6288244766505636 0.4370471014492754 0.6296296296296297 0.3686594202898551 0.6352657004830918 0.3020833333333333 0.644927536231884 0.2694746376811594 0.643317230273752 0.26132246376811596 0.6376811594202898 0.23777173913043478 0.5813204508856683 0.22554347826086957 0.5442834138486312 0.22056159420289856 0.5072463768115942 0.21920289855072464 0.4806763285024155 0.2115036231884058 0.45491143317230276 0.20018115942028986 0.40177133655394526 0.19882246376811594 0.3647342995169082 0.20199275362318841 0.35507246376811596 0.213768115942029 0.3357487922705314 0.22826086956521738 0.3244766505636071 0.2418478260869565 0.3196457326892109 0.26721014492753625 0.3148148148148148 0.38179347826086957 0.3148148148148148
0 0.2526252945174062 0.343465685395686 0.24660417350818303 0.35184289723460505 0.23979768888906125 0.35928930775808887 0.23560908296960165 0.3616163110466775 0.23534729509963542 0.3537044998654761 0.23822696166926388 0.34579268868427465 0.23717981018939896 0.33881167881850865 0.2460805977682506 0.3406732814493796
0 0.2877048690928802 0.3471888906574278 0.28325447530345443 0.34998129460373417 0.2756626270744339 0.35510070183862924 0.27513905133450145 0.3513774965768874 0.27330653624473794 0.34951589394601645 0.26937971819524453 0.3476542913151455 0.2646675365358525 0.3504466952614519 0.26388217292595384 0.34625808934199237 0.2701650818051432 0.3411386821070973 0.2657146880157174 0.3322960696104604 0.272259384764873 0.3341576722413313 0.27801871790412996 0.33788087750307316 0.2840398389133531 0.3397424801339441 0.2863959297430491 0.34346568539568595
0 0.31676332265913104 0.3402078807916618 0.30890968656014434 0.34905049328829874 0.30393571703078615 0.3546353011809115 0.30000889898129274 0.35649690381178245 0.29843817176149545 0.35091209591916966 0.3005324747212252 0.34579268868427465 0.3028885655509212 0.343465685395686 0.30236498981098875 0.33788087750307316 0.3028885655509212 0.33648467552992 0.3102186259099755 0.33788087750307316 0.31519259543933376 0.33834627816079094
0 0.3515811093646388 0.33881167881850865 0.34241853391582106 0.34811969197286324 0.3369209886465303 0.3504466952614519 0.3337795342069357 0.3523082978923229 0.33247059485710456 0.34625808934199237 0.33063807976734094 0.3397424801339441 0.3293291404175099 0.3360192748722022 0.3288055646775774 0.3281074636910008 0.3350884735567668 0.33601927487220223 0.3382299279963615 0.34206948342253274 0.3416331703059224 0.3402078807916618 0.34294210965575356 0.3350884735567668 0.3452982004854495 0.3341576722413313
0 0.38404280524045076 0.3425348840802505 0.3769745327513626 0.3490504932882987 0.3733095025718355 0.3504466952614519 0.3693826845223422 0.3546353011809115 0.36650301795271367 0.35277369855004054 0.36414692712301766 0.34672348999971003 0.36440871499298394 0.34393108605340367 0.36624123008274745 0.3411386821070973 0.3667648058226799 0.3346230728990491 0.36755016943257857 0.3322960696104604 0.3706916238721733 0.33788087750307316 0.3740948661817342 0.33648467552992
0 0.4078655014073771 0.343465685395686 0.40132080465822145 0.34998129460373417 0.3973939866087281 0.35184289723460505 0.3955614715189645 0.3523082978923229 0.396085047258897 0.3481196919728633 0.39739398660872816 0.34300028473796823 0.3966086229988295 0.33741547684535544 0.3966086229988295 0.3327614702681781 0.39817935021862677 0.33136526829502494 0.4013208046582215 0.33695007618763767
0 0.4390182579333577 0.34067328144937953 0.4290703188746412 0.34672348999971003 0.4277613795248101 0.34811969197286324 0.4248817129551816 0.343465685395686 0.4235727736053505 0.341604082764815 0.4240963493452829 0.3336922715836136 0.42776137952481014 0.3290382650064363 0.43299713692413455 0.33136526829502494 0.435876803493763 0.3304344669795895 0.4395418336732902 0.33276147026817815
0 0.4727888931590007 0.33974248013394415 0.4623173783603517 0.3509120959191696 0.45865234818082457 0.34625808934199237 0.4570816209610272 0.34486188736883916 0.45524910587126366 0.3411386821070973 0.45681983309106095 0.3341576722413313 0.4565580452210947 0.3281074636910008 0.4573434088309934 0.32578046040241215 0.46336452984021653 0.33183066895274266 0.47200352954910196 0.3350884735567668
0 0.5026327103351501 0.33974248013394415 0.49504086210612963 0.34393108605340367 0.4924229834064675 0.348585092630581 0.48980510470680516 0.34998129460373417 0.4884961653569741 0.348585092630581 0.48587828665731186 0.3425348840802505 0.48797258961704165 0.3402078807916618 0.4884961653569741 0.3374154768453554 0.4882343774870078 0.3318306689527427 0.4890197410969065 0.32764206303328314 0.494255498496231 0.329503665664154 0.5013237709853191 0.33695007618763767
0 0.5335236789911646 0.3402078807916618 0.5277643458519077 0.34486188736883916 0.5217432248426845 0.35323909920775826 0.5201724976228872 0.3476542913151455 0.5167692553133263 0.3453272880265569 0.5170310431832924 0.3369500761876377 0.519910709752921 0.3304344669795895 0.5248846792822792 0.3322960696104604 0.5298586488116375 0.33695007618763767
0 0.5672943142168074 0.34672348999971003 0.5610114053376182 0.3523082978923229 0.5576081630280573 0.3564969038117825 0.5570845872881247 0.3588239071003711 0.5502781026690029 0.34905049328829874 0.5481837997092732 0.34393108605340367 0.5521106177587665 0.33695007618763767 0.5570845872881247 0.34067328144937964 0.5615349810775505 0.3420694834225328 0.5649382233871115 0.34439648671112144
0 0.5945202526932949 0.3574277051272179 0.5905934346438013 0.35928930775808887 0.5869284044642744 0.3653395163084194 0.5822162228048823 0.36115091038895974 0.5803837077151187 0.360685509731242 0.5803837077151187 0.3532390992077583 0.5832633742847472 0.34951589394601645 0.5843105257646121 0.34393108605340367 0.5882373438141054 0.34811969197286324 0.5916405861236663 0.34951589394601645
0 0.6141543429407617 0.34905049328829874 0.6115364642410994 0.3457926886842746 0.6091803734114033 0.34951589394601645 0.6128454035909305 0.3704589235433144 0.61703400951039 0.36999352288559667 0.6186047367301875 0.36440871499298394 0.6165104337704577 0.35789310578493566