1 0.4846014492753623 0.30917874396135264 0.5384963768115942 0.3107890499194847 0.6191123188405797 0.3276972624798712 0.6340579710144928 0.3389694041867955 0.6413043478260869 0.35104669887278583 0.644927536231884 0.36553945249597425 0.644927536231884 0.38003220611916266 0.6399456521739131 0.4114331723027375 0.6408514492753623 0.4476650563607085 0.6317934782608695 0.4943639291465378 0.6213768115942029 0.5297906602254429 0.6200181159420289 0.5450885668276972 0.6231884057971014 0.572463768115942 0.6159420289855072 0.5933977455716586 0.6118659420289855 0.6215780998389694 0.6091485507246377 0.6272141706924316 0.5833333333333334 0.6280193236714976 0.5615942028985508 0.6344605475040258 0.49592391304347827 0.6280193236714976 0.44021739130434784 0.6280193236714976 0.3170289855072464 0.642512077294686 0.26902173913043476 0.6400966183574879 0.2608695652173913 0.6336553945249598 0.23867753623188406 0.5813204508856683 0.22735507246376813 0.5466988727858293 0.22010869565217392 0.5056360708534622 0.21875 0.4822866344605475 0.2105978260869565 0.45410628019323673 0.20153985507246377 0.4106280193236715 0.19927536231884058 0.38405797101449274 0.2006340579710145 0.36312399355877617 0.20652173913043478 0.3494363929146538 0.21739130434782608 0.3333333333333333 0.24094202898550723 0.3196457326892109 0.2717391304347826 0.31239935587761675 0.38405797101449274 0.3140096618357488
0 0.25240882005802373 0.34331721690015243 0.2490963683512255 0.350383780541322 0.23551531635335288 0.36039474569964547 0.23684029703607215 0.35038378054132197 0.23849652288947126 0.3439060972035832 0.2418089745962695 0.33919505477613693
0 0.2881832984914444 0.3439060972035832 0.28553333712600587 0.3486171396310296 0.2752647368349314 0.3545059426653375 0.27559598200561125 0.35038378054132197 0.272283530298813 0.3497949002378911 0.2646648913731771 0.3497949002378911 0.26333991069045787 0.3462616184173064 0.26863983342133496 0.3427283365967217 0.2689710785920148 0.3350728926521213 0.2736085109815323 0.33625065325898296
0 0.30209559565999694 0.3338951320452598 0.3050768021961153 0.33978393507956767 0.31137046043903194 0.3386061744727061 0.31633913799922925 0.3415505759898601 0.31070797009767226 0.34567273811387556 0.30540804736679517 0.3539170623619067 0.3011018601479574 0.3545059426653375 0.3011018601479575 0.3462616184173064
0 0.350126145408571 0.33978393507956767 0.34648244853109295 0.344494977507014 0.33356388687457994 0.3521504214516143 0.3289264544850624 0.3468504987207372 0.3309139255091413 0.3415505759898601 0.33058268033846155 0.3344840123486905 0.33753882892273773 0.33625065325898296 0.3448262226776938 0.33860617447270613
0 0.38258817213519347 0.3409616956864293 0.3786132300870356 0.34685049872073714 0.36933836530800057 0.3509726608447527 0.3637071974064437 0.34743937902416805 0.3647009329184831 0.3421394562932909 0.36735089428392165 0.3415505759898601 0.36768213945460154 0.3327173714383982 0.37198832667343923 0.33625065325898296
0 0.4080940502775397 0.3421394562932909 0.4024628823759827 0.34802825932759884 0.3991504306691846 0.35391706236190673 0.39749420481578546 0.34743937902416805 0.3984879403278249 0.33683953356241375 0.3998129210105442 0.33153961083153666
0 0.4405560770041621 0.33330625174182893 0.4388998511507632 0.3409616956864293 0.4332686832492061 0.3433172169001525 0.429956231542408 0.34626161841730646 0.4263125346649299 0.34508385781044487 0.4246563088115307 0.3427283365967217 0.4246563088115307 0.33683953356241375 0.42598128949425007 0.33153961083153655 0.43293743807852636 0.3344840123486906
0 0.45612460002611377 0.32447304719036707 0.46142452275699086 0.33153961083153655 0.4730181037307847 0.3397839350795677 0.4687119165119469 0.344494977507014 0.4637432389517496 0.3468504987207372 0.4600995420742716 0.35097266084475276 0.45910580656223215 0.3456727381138756 0.453805883831355 0.34508385781044487 0.45612460002611377 0.33860617447270613 0.457449580708833 0.3344840123486906
0 0.5021676787506089 0.3362506532589829 0.4948802849956529 0.3433172169001525 0.49223032363021424 0.34626161841730646 0.4902428526061353 0.34802825932759884 0.48394919436321876 0.3456727381138756 0.48262421368049957 0.3421394562932909 0.4869304008993371 0.3397839350795677 0.4892491170940959 0.33683953356241375 0.4875928912406969 0.3297729699212442 0.48792413641137666 0.32741744870752104 0.49753024636109144 0.3315396108315366
0 0.5333047247945121 0.3386061744727061 0.5230361245034376 0.350383780541322 0.5220423889913982 0.3462616184173064 0.5193924276259596 0.344494977507014 0.5187299372845999 0.33978393507956767 0.5213798986500385 0.3315396108315366
0 0.566760487033174 0.344494977507014 0.5554981512300601 0.35745034418249144 0.5538419253766611 0.35156154114818355 0.5492044929871436 0.350383780541322 0.5495357381578234 0.344494977507014 0.5508607188405428 0.33153961083153655 0.5561606415714199 0.3409616956864293 0.5644417708384154 0.3427283365967217
0 0.594585081370279 0.35215042145161435 0.5945850813702791 0.3568614638790607 0.5892851586394019 0.3609836260030763 0.5863039521032836 0.3656946684305226 0.5806727842017265 0.36039474569964547 0.5806727842017265 0.3545059426653376 0.5833227455671652 0.34920601993446043 0.5839852359085248 0.3421394562932909 0.587297687615323 0.34743937902416805
0 0.6104848495629104 0.3486171396310296 0.6108160947335903 0.3550948229687684 0.6147910367817481 0.37040571085796886 0.618765978829906 0.3709945911613997 0.6204222046833051 0.364516907823661 0.6174409981471867 0.35509482296876826 0.6154535271231076 0.3509726608447527