1 0.6055253623188406 0.3188405797101449 0.6331521739130435 0.321256038647343 0.657608695652174 0.3285024154589372 0.6711956521739131 0.32689210950080516 0.6730072463768116 0.33011272141706927 0.6702898550724637 0.34299516908212563 0.6557971014492754 0.37681159420289856 0.654891304347826 0.38486312399355876 0.6553442028985508 0.4074074074074074 0.6530797101449275 0.4331723027375201 0.6567028985507246 0.45652173913043476 0.657608695652174 0.49355877616747185 0.6616847826086957 0.5177133655394525 0.6616847826086957 0.5314009661835749 0.6589673913043478 0.5322061191626409 0.6530797101449275 0.5225442834138486 0.6408514492753623 0.5177133655394525 0.5955615942028986 0.5120772946859904 0.5552536231884058 0.5136876006441223 0.5303442028985508 0.5185185185185185 0.5063405797101449 0.5273752012882448 0.4388586956521739 0.5297906602254429 0.42980072463768115 0.5273752012882448 0.42527173913043476 0.5201288244766505 0.41983695652173914 0.47906602254428343 0.4171195652173913 0.42592592592592593 0.411231884057971 0.37681159420289856 0.40625 0.35426731078904994 0.40625 0.3421900161030596 0.40851449275362317 0.3365539452495974 0.4171195652173913 0.33494363929146537 0.42527173913043476 0.34057971014492755 0.43478260869565216 0.3413848631239936 0.49094202898550726 0.32930756843800324 0.5566123188405797 0.321256038647343
0 0.43134813716429404 0.3471064413862735 0.43134813716429404 0.3515081535053023 0.4297564466212524 0.35496664159882496 0.42904902860212274 0.3546522335903229 0.4276341925638635 0.3555954576158291 0.426573065535169 0.35811072168384556 0.42498137499212735 0.35528104960732704 0.42480452048734496 0.3533946015563147 0.4272804835542987 0.3521369695223064 0.4290490286021228 0.3502505214712941
0 0.4446542577299462 0.3439218247852352 0.44219923201368105 0.34619135966960474 0.4403334124693195 0.3465405188825847 0.43915500012551223 0.3477625761280145 0.43954780424011464 0.3573644544849626 0.44082441761257246 0.3561423972395329 0.4411190206985243 0.35299996432271347 0.4427884381855846 0.3512541682578138 0.4452434639018499 0.3510795886513238 0.44612727315970524 0.3495083721929141 0.44573446904510283 0.34793715573450446 0.445439865959151 0.34514388203066493
0 0.4588934068842841 0.34130313068788565 0.4565365821966696 0.3440964043917252 0.4546707626523081 0.3454930412436449 0.4535905513371514 0.3474134169150345 0.45300134516524776 0.3496829517994041 0.45368875236580203 0.3510795886513238 0.4563401801393684 0.3526508051097335 0.4573221904258744 0.3516033274707937 0.4579113965977781 0.34933379258642416 0.4590898089415854 0.34881005376695423 0.46066102539999504 0.34933379258642416 0.4611520305432481 0.34758799652152444 0.4611520305432481 0.34514388203066493 0.46036642231404323 0.34357266557225524
0 0.4745073704397305 0.3385098569840462 0.47067753032235693 0.34252518793331543 0.46890991180664604 0.34374724517874516 0.468418906663393 0.34671509848907467 0.4699901231218026 0.350032111012384 0.47107033443695934 0.35038127022536397 0.47185594266616415 0.3474134169150345 0.47342715912457384 0.3460167800631148 0.47421276735377876 0.3444455636047051 0.47558758175488725 0.3439218247852352 0.4753911796975861 0.34130313068788565 0.4749983755829836 0.339557334622986
0 0.48923752473732157 0.3355420036737168 0.48629149387780335 0.33711322013212647 0.48413107124749005 0.3381606977710663 0.4834436640469358 0.3406048122619258 0.48393466919018885 0.3491592129799342 0.48491667947669487 0.3463659392760947 0.48521128256264673 0.3428743471462954 0.48668429799240576 0.3404302326554358 0.4878627103362131 0.33973191422947596 0.4900231329665264 0.3413031306878857 0.4903177360524782 0.3385098569840462
0 0.5035748749203102 0.33379620760881706 0.5013162512613462 0.33362162800232714 0.4980756173158761 0.3374623793451064 0.498861225545081 0.3439218247852352 0.5006288440607919 0.3454930412436449 0.5012180502326955 0.34200144911384556 0.5025928646338039 0.34043023265543587 0.5042622821208644 0.3418268695073556 0.5042622821208644 0.3392081754100061 0.503869478006262 0.3355420036737168
0 0.5170284158454431 0.3329233095763673 0.5143769880718769 0.334319946428287 0.5119219623556117 0.3348436852477569 0.5116273592696597 0.3379861181645763 0.5129039726421177 0.33990649383596594 0.5143769880718769 0.33990649383596594 0.5160464055589372 0.34200144911384556 0.5169302148167926 0.3388590161970262 0.5183050292179011 0.3374623793451064 0.5180104261319493 0.3350182648542469
0 0.5321513742576366 0.3306537746919977 0.5285179361975642 0.33239957075689736 0.5254737043093953 0.3330978891828572 0.5251791012234435 0.3353674240672268 0.526553915624552 0.3379861181645763 0.5289107403121666 0.3379861181645763 0.5308747608851786 0.3374623793451064 0.5322495752862871 0.33571658328020676 0.5324459773435883 0.33344704839583716
0 0.5478635388417337 0.32489264767782877 0.5454085131254685 0.32716218256219837 0.5428552863805528 0.3269876029557084 0.5404002606642876 0.3317012523309375 0.5406948637502393 0.334319946428287 0.5407930647788899 0.33606574249318666 0.543542693581107 0.3357165832802067 0.5440336987243599 0.3332724687893472 0.5446229048962636 0.3318758319374275 0.5457031162114202 0.3318758319374275 0.5463905234119745 0.33274872996987725 0.5480599408990349 0.33152667272444747 0.5482563429563361 0.3282096602011381
0 0.5628882962252764 0.32524180689080867 0.5594512602225052 0.3257655457102786 0.5573890386208425 0.3282096602011381 0.5556214201051315 0.329257137840078 0.5552286159905291 0.3348436852477569 0.5571926365635413 0.3367640609191465 0.5588620540506016 0.3353674240672268 0.5593530591938546 0.3322249911504074 0.5617098838814691 0.3320504115439174 0.5630846982825777 0.3329233095763673 0.5635757034258306 0.32838423980762815
0 0.578207656694771 0.32733676216868834 0.5755562289212046 0.32733676216868834 0.5693695641162165 0.33117751351146757 0.5731994042335902 0.33571658328020676 0.578207656694771 0.3353674240672268 0.5786986618380241 0.3320504115439174
0 0.5935270171642656 0.32611470492325856 0.5898935791041932 0.3278605009881582 0.586947548244675 0.329257137840078 0.5845907235570604 0.329082558233588 0.5863583420727714 0.334145366821797 0.5897953780755425 0.3351928444607368 0.5913665945339523 0.3330978891828572 0.593428816135615 0.3320504115439174
0 0.6090427796910615 0.32611470492325856 0.6064895529461457 0.3257655457102786 0.6032489190006757 0.32646386413623846 0.6014813004849648 0.32786050098815817 0.599910084026555 0.3304791950855077 0.6000082850552056 0.3322249911504074 0.6083553724905072 0.3315266727244475
0 0.6258351555903152 0.32716218256219837 0.620630501071833 0.3282096602011381 0.6170952640404112 0.32855881941411813 0.6156222486106522 0.3296062970530579 0.6193538876993752 0.334145366821797 0.6209251041577849 0.3330978891828572 0.625147748389761 0.33292330957636723 0.625638753533014 0.33013003587252776
0 0.6420383253176654 0.3296062970530579 0.6379138821143399 0.3304791950855077 0.6344768461115685 0.33170125233093745 0.6313344131947491 0.33170125233093745 0.6313344131947491 0.33397078721530704 0.6365390677132313 0.3385098569840462 0.6378156810856892 0.3385098569840462 0.6387976913721952 0.3355420036737168 0.6402707068019544 0.3355420036737168 0.6410563150311592 0.3329233095763673 0.6423329284036171 0.33135209311795755