1 0.5561594202898551 0.41304347826086957 0.5670289855072463 0.41626409017713367 0.5697463768115942 0.428341384863124 0.5661231884057971 0.46215780998389694 0.5643115942028986 0.5169082125603864 0.5652173913043478 0.5442834138486312 0.5620471014492754 0.5950080515297906 0.5593297101449275 0.6086956521739131 0.5520833333333334 0.6199677938808373 0.53125 0.6280193236714976 0.4796195652173913 0.6352657004830918 0.4048913043478261 0.6328502415458938 0.33967391304347827 0.6368760064412239 0.328804347826087 0.644122383252818 0.32472826086956524 0.643317230273752 0.3229166666666667 0.6368760064412239 0.32518115942028986 0.6223832528180354 0.32518115942028986 0.606280193236715 0.322463768115942 0.5587761674718197 0.31431159420289856 0.49516908212560384 0.3088768115942029 0.4758454106280193 0.29483695652173914 0.464573268921095 0.291213768115942 0.45652173913043476 0.30344202898550726 0.4331723027375201 0.3134057971014493 0.42673107890499196 0.327445652173913 0.42351046698872785 0.4954710144927536 0.4251207729468599 0.5339673913043478 0.4219001610305958
0 0.33772712120335324 0.4369993427447746 0.333947721906091 0.4418369738452702 0.3313777303839527 0.4410307019951876 0.3297147946931573 0.43726810002813543 0.3298659706650478 0.4324304689276398 0.3318312582996241 0.43484928447788757 0.33364536996231003 0.43484928447788757
0 0.3529958943642927 0.4351180417612486 0.35103060672971625 0.43592431361133116 0.3492164950670304 0.43941815829502245 0.34679767951678253 0.4386118864449398 0.34543709576976817 0.4367305854614137 0.34710003146056356 0.4305491679441137
0 0.370078779187918 0.43646182817805285 0.36675290780632713 0.4404931874284659 0.3644852682279699 0.4421057311286311 0.3628223325371745 0.4386118864449398 0.36115939684637904 0.43780561459485723 0.3628223325371745 0.4316241970775573 0.3659970279468748 0.4337742553444442
0 0.38398696860184295 0.4431807602620746 0.3797540413889092 0.44694336222912684 0.3797540413889093 0.4453308185289616 0.37824228167000445 0.4450620612456007 0.37688169792299 0.4412994592785486 0.3767305219510995 0.43941815829502245 0.37945168944512836 0.4359243136113311 0.3803587452764713 0.43753685731149633 0.3812658011078142 0.43780561459485723
0 0.3992557417627824 0.4410307019951876 0.3969881021844251 0.4434495175454355 0.3950228145498487 0.4493621777793746 0.3929063509433819 0.44586833309568324 0.39139459122447695 0.4447933039622398 0.39184811914014844 0.4434495175454355 0.39305752691527235 0.4421057311286311 0.3933598788590533 0.4386118864449398
0 0.4137686350642693 0.44156821656190937 0.41225687534536454 0.44264324569535296 0.4096868838232262 0.44264324569535296 0.4078727721605403 0.4412994592785486 0.4096868838232262 0.4369993427447746 0.4115009954859121 0.43646182817805285
0 0.43009564002844225 0.4402244301451051 0.4291885841970993 0.44237448841199195 0.426920944618742 0.4421057311286311 0.42480448101227514 0.4421057311286311 0.4234438972652607 0.4418369738452702 0.4220833135182463 0.43807437187821807 0.4222344894901368 0.4356555563279703 0.4251068329560561 0.4343117699111658 0.42722329656252295 0.4356555563279702 0.4297932880846613 0.4386118864449398
0 0.4452132372174912 0.4415682165619094 0.4429455976391339 0.44264324569535296 0.44052678208888607 0.4442557893955181 0.4387126704262001 0.4431807602620746 0.4384103184824191 0.4415682165619094 0.43946855028565257 0.43914940101166156 0.43916619834187165 0.4367305854614137 0.4412826619483385 0.4348492844778877 0.44218971777968136 0.4369993427447746
0 0.4594237785751972 0.4396869155783833 0.4579120188562923 0.4421057311286311 0.4554932033060444 0.4447933039622398 0.45337673969957765 0.44398703211215723 0.4542837955309206 0.44076194471182684 0.45398144358713954 0.43753685731149633 0.45443497150281104 0.4367305854614137 0.4557955552498254 0.43941815829502234
0 0.4742390238204651 0.43914940101166156 0.47136668035454593 0.4434495175454355 0.47030844855131243 0.4453308185289616 0.4680408089729551 0.4453308185289616 0.46637787328215974 0.4431807602620746 0.4684943368886265 0.4396869155783833 0.4686455128605171 0.43726810002813543 0.4686455128605171 0.4345805271945268 0.4709131524388744 0.4348492844778877 0.4725760881296697 0.43807437187821807
0 0.49026367684085703 0.43726810002813543 0.48905426906573307 0.44371827482879633 0.4866354535154852 0.440224430145105 0.4839142860214565 0.43914940101166156 0.482856054218223 0.4388806437283007 0.4828560542182231 0.4353867990446094 0.48346075810578504 0.4335054980610833 0.4848213418527994 0.4345805271945268
0 0.5052300980580154 0.4386118864449398 0.504776570142344 0.44237448841199195 0.5035671623672201 0.44559957581232246 0.5017530507045342 0.44371827482879633 0.4991830591823959 0.4429120029787138 0.4978224754353815 0.4421057311286312 0.49736894751971 0.4396869155783833 0.4994854111261769 0.4359243136113311 0.5017530507045342 0.43753685731149633
0 0.5143006563714448 0.4345805271945267 0.5177777037249262 0.43753685731149633 0.520498871218955 0.43914940101166156 0.5212547510784074 0.44237448841199195 0.5197429913595024 0.44398703211215723 0.5174753517811451 0.4442557893955181 0.5153588881746782 0.44371827482879633 0.512184192764978 0.4431807602620746 0.5126377206806494 0.4399556728617442 0.5126377206806494 0.43780561459485723
0 0.5276041418978078 0.4324304689276398 0.5280576698134793 0.43780561459485723 0.5289647256448223 0.4396869155783833 0.5304764853637272 0.4399556728617442 0.5342558846609895 0.44237448841199195 0.5342558846609895 0.4367305854614137 0.532895300913975 0.4359243136113311 0.5315347171669607 0.43511804176124846 0.5306276613356177 0.4335054980610833
0 0.5454429065808857 0.4305491679441138 0.5427217390868568 0.43108668251083543 0.5410588033960615 0.4313554397941963 0.5416635072836234 0.4351180417612486 0.5433264429744188 0.43807437187821807 0.5442334988057617 0.4386118864449398 0.5457452585246666 0.4337742553444441