1 0.28306159420289856 0.4323671497584541 0.36820652173913043 0.43397745571658614 0.4945652173913043 0.4420289855072464 0.5471014492753623 0.44041867954911434 0.5946557971014492 0.43478260869565216 0.6059782608695652 0.43719806763285024 0.6096014492753623 0.4444444444444444 0.6077898550724637 0.4533011272141707 0.6077898550724637 0.48792270531400966 0.6014492753623188 0.5442834138486312 0.6023550724637681 0.571658615136876 0.6009963768115942 0.5877616747181964 0.6082427536231884 0.6231884057971014 0.6073369565217391 0.642512077294686 0.603713768115942 0.6481481481481481 0.5955615942028986 0.6521739130434783 0.5806159420289855 0.6360708534621579 0.5439311594202898 0.6264090177133655 0.3804347826086957 0.6215780998389694 0.3555253623188406 0.6247987117552335 0.3161231884057971 0.6360708534621579 0.2907608695652174 0.6561996779388084 0.2875905797101449 0.6473429951690821 0.2884963768115942 0.6344605475040258 0.2966485507246377 0.6207729468599034 0.2966485507246377 0.605475040257649 0.28351449275362317 0.48470209339774556 0.27898550724637683 0.47342995169082125 0.26856884057971014 0.4677938808373591 0.264945652173913 0.4605475040257649 0.264945652173913 0.45410628019323673 0.2726449275362319 0.44122383252818037 0.27807971014492755 0.43397745571658614
0 0.3075876184552259 0.44378313110455475 0.3062486176286173 0.451264532548463 0.3068224751257353 0.45704561548239214 0.3031880443106549 0.455345296972413 0.3010839001545557 0.45160459625045873 0.30031875682506515 0.44480332221054236 0.3018490434840463 0.44174274889257986
0 0.3230817708774108 0.44650364072052146 0.32002119755944836 0.44514338591253805 0.31715191007385857 0.45024434144247555 0.3169606242414859 0.45568536067440873 0.31849091090046716 0.46044625250235033 0.3213601983860569 0.46214657101232953 0.3238469142069014 0.46010618880035453 0.32231662754792023 0.45364497846243385
0 0.3376194941377324 0.4454834496145339 0.33781077997010506 0.44956421403848384 0.3364717791434965 0.45092446884646714 0.3364717791434965 0.4546651695684213 0.3391497807967137 0.4580658065883796 0.33914978079671365 0.46214657101232953 0.3364717791434965 0.4641869532243044 0.33302863416078876 0.4604462525023504 0.33168963333418017 0.4567055517803963 0.33226349083129814 0.44956421403848384 0.3337937774902794 0.44514338591253816
0 0.3544526473865258 0.44650364072052146 0.35330493239228994 0.45500523327041703 0.3552177907160165 0.4594260613963629 0.3529223607275446 0.4621465710123294 0.34986178740958224 0.4618065073103336 0.3473750715887377 0.45636548807840044 0.3479489290858556 0.449224150336488 0.34871407241534624 0.44310300370056316 0.35081821657144546 0.44174274889257986
0 0.3718596581324373 0.44956421403848384 0.3678426556526116 0.4448033222105423 0.3666949406583757 0.4499042777404797 0.3674600839878663 0.4526247873564463 0.3657385114965124 0.45704561548239203 0.36688622649074837 0.4618065073103337 0.37032937147345607 0.463166762118317 0.3705206573058287 0.4567055517803963
0 0.38907538304597605 0.44684370442251725 0.3841019514042871 0.44684370442251725 0.3823803789129332 0.45296485105844214 0.38085009225395194 0.45432510586642555 0.3812326639186973 0.45840587029037533 0.38295423641005116 0.463166762118317 0.38352809390716913 0.46418695322430453 0.3860148097280136 0.46010618880035453 0.3873538105546222 0.45500523327041703 0.3875450963869948 0.45024434144247555
0 0.4045695354681609 0.44820395923050055 0.4015089621501985 0.44650364072052146 0.40055253298833526 0.451264532548463 0.39921353216172667 0.4546651695684214 0.39921353216172667 0.4594260613963629 0.40112639048545323 0.4621465710123294 0.40303924880917974 0.4621465710123294 0.4032305346415524 0.4553452969724129 0.40342182047392505 0.45364497846243373 0.40437824963578833 0.4505844051444713
0 0.42140268871695435 0.4505844051444713 0.41910725872848253 0.45432510586642555 0.4196811162256005 0.46078631620434624 0.4196811162256005 0.4645270169263003 0.4181508295666193 0.46520714433029187 0.41681182874001077 0.46350682582031283 0.41509025624865686 0.4614664436083378 0.41451639875153884 0.4560254243764046 0.4166205429076381 0.44956421403848384 0.41795954373424665 0.44786389552850475
0 0.4368968411391393 0.4509244688464671 0.4353665544801581 0.4499042777404797 0.4336449819888042 0.44956421403848384 0.4332624103240589 0.45228472365445055 0.4317321236650777 0.4560254243764046 0.4305844086708417 0.4584058702903754 0.4330711244916862 0.46588727173428357 0.4346014111506674 0.4645270169263003 0.4349839828154128 0.46010618880035453 0.4351752686477854 0.4587459339923712 0.4361316978096486 0.4546651695684213
0 0.4521997077289515 0.44990427774047964 0.4497129919081071 0.4488840866344922 0.4476088477520078 0.449224150336488 0.44741756191963516 0.4539850421644296 0.44684370442251725 0.4594260613963629 0.44646113275777194 0.46316676211831687 0.44856527691387116 0.4665673991382753 0.45047813523759767 0.4655472080322877 0.45047813523759767 0.4607863162043461 0.45047813523759767 0.45704561548239203 0.4516258502318336 0.45500523327041703 0.45277356522606954 0.45296485105844214
0 0.468459003480627 0.4505844051444714 0.4648245726655466 0.44820395923050055 0.4638681435036834 0.4475238318265089 0.4623378568447021 0.44786389552850475 0.4629117143418201 0.45500523327041714 0.46310300017419276 0.4618065073103336 0.46310300017419276 0.46452701692630016 0.4652071443302919 0.46520714433029187 0.4665461451569005 0.4621465710123294 0.46673743098927317 0.4587459339923712 0.46673743098927317 0.45704561548239214 0.4675025743187637 0.45500523327041714
0 0.48548344256179304 0.45024434144247555 0.48184901174671274 0.45024434144247555 0.4793622959258682 0.4488840866344922 0.47917101009349555 0.4546651695684213 0.4782145809316323 0.45704561548239214 0.4782145809316323 0.46010618880035453 0.47955358175824087 0.4628266984163211 0.4808925825848494 0.463166762118317 0.48127515424959477 0.4597661250983587 0.4831880125733213 0.4580658065883796 0.4847182992323025 0.4553452969724129
0 0.5009775949839781 0.4526247873564463 0.4973431641688977 0.449224150336488 0.49523902001279846 0.4505844051444713 0.4946651625156806 0.46010618880035453 0.49696059250415237 0.4655472080322877 0.4994473083249968 0.46350682582031283 0.4992560224926242 0.4584058702903754 0.5000211658221148 0.45568536067440885
0 0.5164717474061629 0.45432510586642544 0.5132198882558278 0.45364497846243373 0.5114983157644739 0.45160459625045885 0.5099680291054928 0.453304914760438 0.5101593149378654 0.4560254243764046 0.5099680291054928 0.461126379906342 0.5116896015968466 0.4665673991382753 0.5126460307587098 0.4682677176482544 0.5143676032500637 0.4621465710123294 0.514176317417691 0.4587459339923712
0 0.5319658998283479 0.4519446599524547 0.5289053265103854 0.45092446884646714 0.5256534673600504 0.45092446884646714 0.5254621815276777 0.4519446599524547 0.5256534673600504 0.4560254243764046 0.5250796098629323 0.4611263799063419 0.5256534673600504 0.464867080628296 0.5279488973485221 0.465207144330292 0.5292878981751308 0.461126379906342 0.529670469839876 0.4580658065883796 0.5304356131693666 0.45568536067440873
0 0.5487990530771413 0.4519446599524547 0.5445907647649428 0.4505844051444714 0.5428691922735891 0.45024434144247555 0.5417214772793532 0.45228472365445044 0.5405737622851171 0.4567055517803963 0.5405737622851171 0.4594260613963629 0.5407650481174898 0.4611263799063419 0.5422953347764711 0.4628266984163211 0.5447820505973155 0.46350682582031283 0.5465036230886694 0.461126379906342 0.5465036230886694 0.4580658065883796 0.5474600522505327 0.4560254243764046
0 0.5644844913316988 0.449224150336488 0.5608500605166185 0.44820395923050055 0.5602762030195004 0.449224150336488 0.5591284880252646 0.45364497846243373 0.5579807730310286 0.45500523327041714 0.5581720588634013 0.4587459339923712 0.5593197738576372 0.461126379906342 0.5602762030195003 0.46214657101232953 0.5619977755108543 0.4580658065883796 0.5627629188403449 0.455345296972413 0.5646757771640715 0.45296485105844214
0 0.5813176445804923 0.44650364072052146 0.5782570712625297 0.4471837681245131 0.577109356268294 0.4526247873564463 0.5765354987711759 0.4577257428863838 0.5765354987711759 0.46010618880035453 0.5778744995977846 0.46010618880035453 0.5799786437538836 0.4567055517803963 0.5807437870833744 0.45432510586642555 0.5807437870833744 0.4505844051444714
0 0.598533369494031 0.43766198446862986 0.5952815103436959 0.44038249408459657 0.59413379534946 0.4427629399985673 0.5927947945228516 0.4454834496145339 0.592986080355224 0.45228472365445044 0.592986080355224 0.45636548807840044 0.5945163670142053 0.45364497846243385 0.5958553678408139 0.44956421403848384 0.5981507978292857 0.445483449614534 0.598533369494031 0.4400424303826007