1 0.6082427536231884 0.42351046698872785 0.6182065217391305 0.4331723027375201 0.6191123188405797 0.44363929146537845 0.6127717391304348 0.4613526570048309 0.6046195652173914 0.5370370370370371 0.603713768115942 0.5917874396135265 0.6105072463768116 0.6264090177133655 0.6091485507246377 0.6409017713365539 0.6046195652173914 0.6481481481481481 0.5932971014492754 0.6513687600644122 0.5797101449275363 0.6352657004830918 0.542572463768116 0.6256038647342995 0.3976449275362319 0.6191626409017713 0.3283514492753623 0.6272141706924316 0.29393115942028986 0.6505636070853462 0.29030797101449274 0.6505636070853462 0.28894927536231885 0.6473429951690821 0.2898550724637681 0.6344605475040258 0.296195652173913 0.6215780998389694 0.296195652173913 0.5901771336553945 0.29393115942028986 0.5499194847020934 0.28804347826086957 0.5056360708534622 0.2875905797101449 0.49033816425120774 0.28442028985507245 0.4774557165861514 0.2694746376811594 0.464573268921095 0.2667572463768116 0.45652173913043476 0.2798913043478261 0.4323671497584541 0.29438405797101447 0.427536231884058 0.3052536231884058 0.4307568438003221 0.5443840579710145 0.43800322061191627 0.5914855072463768 0.4355877616747182 0.6000905797101449 0.4323671497584541
0 0.3024970727139936 0.44134246044388625 0.30406930282165473 0.44581458163901116 0.3057987559400819 0.4463735967884017 0.30674209400467856 0.4500071952594408 0.3061132019616142 0.4522432558570031 0.3067420940046785 0.45811291492560446 0.3050126408862514 0.4581129149256046 0.30296874174629196 0.4528022710063937 0.30045317357403417 0.4486096573859642 0.300138727552502 0.4449760589149252
0 0.3183765968013706 0.4427399983173628 0.3182193737906045 0.44916867253535475 0.3182193737906045 0.4544793164545656 0.31869104282290284 0.45895143764969043 0.3210493879843945 0.4623055285460342 0.3234077331458861 0.4614670058219482 0.32340773314588606 0.4586719300749952 0.3237221791674183 0.4558768543280421 0.3221499490597572 0.44944818011005006 0.3207349419628623 0.44553507406431586 0.32042049594133 0.4435785210414487
0 0.33818669615790037 0.446653104363097 0.33472778992104596 0.44525556648962056 0.33331278282415094 0.44609408921370647 0.3328411137918526 0.4500071952594408 0.33221222174878823 0.45336128615578436 0.331897775727256 0.45755389977621397 0.33315555981338485 0.4600694679484717 0.33504223594257815 0.4614670058219482 0.336300020028707 0.46370306641951065 0.33897281121173084 0.46370306641951065 0.337715027125602 0.45755389977621397 0.3374005811040698 0.45364079373047966 0.3374005811040698 0.450286702834136
0 0.3532801051914468 0.44525556648962056 0.3543806662668096 0.4483301498112689 0.3543806662668096 0.45140473313291724 0.35296565916991457 0.4544793164545656 0.3534373282022129 0.4572743922015186 0.35390899723451125 0.45951045279908115 0.35312288218068066 0.46202602097133877 0.35217954411608404 0.4614670058219482 0.3509217600299552 0.45978996037377645 0.3490350839007619 0.45923094522438573 0.34872063787922963 0.4586719300749952 0.3485634148684635 0.45364079373047966 0.3479345228253991 0.45140473313291724 0.3488778608899958 0.44749162708718293 0.3490350839007619 0.4444170437655346 0.3498211989545924 0.4427399983173628 0.3509217600299552 0.4421809831679721
0 0.3696312983111222 0.44441704376553465 0.3697885213218882 0.4480506422365736 0.37073185938648484 0.4486096573859642 0.3705746363757188 0.45755389977621397 0.3715179744403154 0.4620260209713389 0.3707318593864849 0.463982573994206 0.36837351422499326 0.46314405127012004 0.36695850712809824 0.45895143764969054 0.36648683809579996 0.4558768543280421 0.3671157301388644 0.45168424070761254 0.3669585071280983 0.4483301498112689
0 0.38912695164611966 0.4486096573859642 0.38834083659228913 0.45475882402926093 0.3872402755169263 0.4583924225002999 0.38566804540926525 0.4606284830978623 0.38488193035543466 0.46342355884481534 0.3831524772370075 0.46314405127012004 0.3826808082047092 0.4581129149256046 0.3826808082047092 0.45447931645456563 0.38472470734466857 0.4519637482823079 0.38582526842003134 0.450286702834136 0.38755472153845855 0.4483301498112689
0 0.40484925272273053 0.4505662104088313 0.4034342456258356 0.4564358694774327 0.4042203606796661 0.4606284830978623 0.4032770226150694 0.4651006042929872 0.4007614544428117 0.4645415891435966 0.3996608933674489 0.4583924225002999 0.3995036703566828 0.45559734675334684 0.40139034648587607 0.45112522555822193 0.40374869164736776 0.4488891649606595
0 0.42072877681010756 0.4505662104088313 0.41947099272397864 0.45392030130517497 0.41931376971321255 0.4623055285460341 0.4164837555194226 0.46202602097133877 0.41538319444405986 0.4586719300749952 0.4150687484225276 0.4558768543280421 0.41632653250865653 0.45140473313291724 0.41726987057325315 0.4480506422365736
0 0.43707996992978293 0.45112522555822193 0.4369227469190168 0.45419980887987027 0.4356649628328879 0.45783340735090916 0.4339355097144607 0.4614670058219482 0.4337782867036946 0.46398257399420595 0.43189161057450126 0.45951045279908115 0.43173438756373517 0.4558768543280421 0.43299217164986403 0.4519637482823078 0.4340927327252268 0.44944818011005006
0 0.4532739400386921 0.4525227634316984 0.4513872639094988 0.45503833160395624 0.45123004089873264 0.46174651339664347 0.4495005877803055 0.4651006042929872 0.4477711346618783 0.4609079906725576 0.4471422426188138 0.4572743922015186 0.4471422426188138 0.45419980887987027 0.44761391165111214 0.45140473313291724 0.4490289187480071 0.44916867253535475 0.45123004089873264 0.44944818011005006
0 0.46836734907223865 0.4525227634316985 0.4671095649861096 0.4569948846268233 0.4660090039107469 0.4645415891435966 0.46396510477078756 0.4648210967182919 0.4633362127277231 0.4609079906725576 0.4633362127277231 0.4525227634316984 0.46365065874925526 0.4505662104088313 0.46443677380308585 0.4486096573859642
0 0.48408965014884947 0.45364079373047966 0.48298908907348664 0.45755389977621397 0.4812596359550595 0.45978996037377645 0.47811517573973733 0.4609079906725576 0.47890129079356786 0.4569948846268233 0.47905851380433395 0.45336128615578436 0.48015907487969667 0.450286702834136 0.4811024129442933 0.4500071952594408
0 0.4999691742362265 0.4522432558570031 0.4996547282146942 0.4583924225002999 0.4996547282146942 0.4642620815689013 0.49729638305320256 0.46761617246524484 0.4946235918701787 0.4606284830978623 0.4952524839132432 0.45475882402926093 0.4960385989670737 0.45112522555822193 0.49729638305320256 0.4505662104088313
0 0.5150625832697728 0.4561563619027374 0.5141192452051762 0.4609079906725576 0.5131759071405796 0.4659391270170731 0.5117609000436847 0.4662186345917684 0.5108175619790879 0.46202602097133877 0.5108175619790879 0.4581129149256046 0.5116036770329185 0.4541998088798703 0.5116036770329185 0.4522432558570031
0 0.5303132153140855 0.45503833160395624 0.5293698772494888 0.4609079906725576 0.5279548701525938 0.4662186345917684 0.5271687550987633 0.4662186345917684 0.5243387409049733 0.46370306641951065 0.5246531869265055 0.45727439220151866 0.5254393019803361 0.45447931645456563 0.5268543090772311 0.45168424070761254
0 0.5490227535952524 0.45447931645456563 0.5461927394014625 0.460348975523167 0.5444632862830353 0.46426208156890125 0.5430482791861402 0.4645415891435966 0.5405327110138826 0.4611874982472529 0.5422621641323098 0.45755389977621397 0.5424193871430758 0.45364079373047966 0.5432055021969064 0.44916867253535475 0.5476077464983574 0.4525227634316985
0 0.5647450546718633 0.4522432558570032 0.5634872705857344 0.45783340735090916 0.5603428103704123 0.4611874982472529 0.5595566953165817 0.4611874982472529 0.5576700191873885 0.4583924225002999 0.5581416882196868 0.456715377052128 0.5593994723058155 0.45392030130517497 0.5598711413381139 0.450286702834136 0.5605000333811784 0.4488891649606595
0 0.5809390247807725 0.44888916496065956 0.5777945645654504 0.4525227634316985 0.5768512265008536 0.45447931645456563 0.5763795574685553 0.4609079906725576 0.5773228955331521 0.4611874982472529 0.5795240176838776 0.4569948846268233 0.5803101327377082 0.45419980887987027 0.5810962477915387 0.4500071952594408
0 0.5971329948896817 0.4421809831679721 0.5939885346743596 0.44301950589205813 0.5930451966097628 0.443858028616144 0.5924163045666985 0.4528022710063938 0.5921018585451663 0.45783340735090927 0.5925735275774647 0.45895143764969043 0.5947746497281902 0.45559734675334684 0.5957179877927867 0.4488891649606595 0.5982335559650446 0.44581458163901116 0.5991768940296412 0.44301950589205813 0.5991768940296412 0.44190147559327686