1 0.4017210144927536 0.29871175523349436 0.40942028985507245 0.30193236714975846 0.4171195652173913 0.3164251207729469 0.427536231884058 0.32286634460547503 0.4479166666666667 0.32286634460547503 0.4746376811594203 0.3276972624798712 0.592391304347826 0.31803542673107893 0.6317934782608695 0.3107890499194847 0.6847826086956522 0.30998389694041867 0.7069746376811594 0.2995169082125604 0.7169384057971014 0.3027375201288245 0.7182971014492754 0.30917874396135264 0.7133152173913043 0.33816425120772947 0.7128623188405797 0.37278582930756843 0.7164855072463768 0.44041867954911434 0.7151268115942029 0.464573268921095 0.7160326086956522 0.49114331723027377 0.7078804347826086 0.5024154589371981 0.6965579710144928 0.5064412238325282 0.6173007246376812 0.5024154589371981 0.5792572463768116 0.5080515297906603 0.4759963768115942 0.5080515297906603 0.45063405797101447 0.5104669887278583 0.4057971014492754 0.5233494363929146 0.3958333333333333 0.5209339774557166 0.3908514492753623 0.5088566827697263 0.3903985507246377 0.49597423510466987 0.3967391304347826 0.46537842190016104 0.39855072463768115 0.4219001610305958 0.39809782608695654 0.355877616747182 0.39492753623188404 0.32930756843800324 0.3908514492753623 0.3148148148148148 0.3908514492753623 0.3035426731078905
0 0.4157554752491688 0.32166767910960836 0.41564059393520103 0.3273862156271125 0.4147215434234593 0.3333089855916703 0.41368761159774986 0.3349428531681001 0.41047093480665375 0.3349428531681001 0.40978164692284746 0.33004125043881083 0.40771378327142854 0.3277946825212199 0.40713937670158995 0.32677351528595133 0.40782866458539624 0.3243227139213067 0.408747715097138 0.32207614600371576 0.4090923590390412 0.3202380449802323 0.412423917144105 0.3237100135801455 0.41506618736536244 0.3222803794507695
0 0.4319537405186169 0.3367809541915836 0.4288519450414885 0.3373936545327447 0.4279328945297468 0.33678095419158355 0.42620967482023103 0.3337174524857778 0.4240269298548444 0.33208358490934803 0.4240269298548444 0.3308581842270257 0.4272436066459405 0.32942855009764965 0.43000075818116573 0.3304497173329183 0.43103469000687517 0.3345343862739927
0 0.44367163454332403 0.33085818422702573 0.44160377089190517 0.3333089855916703 0.4422930587757114 0.3361682538504224 0.44355675322935634 0.3386190552150671 0.44401627848522723 0.339435989003282 0.447347836590291 0.34045715623855055 0.44792224316012963 0.34045715623855055 0.4480371244740973 0.3361682538504224 0.44585437950871065 0.33412591937988523 0.4447055663690335 0.3322878183564017
0 0.4633163392318037 0.3347386197210464 0.4605591876965785 0.3355555535092613 0.4588359679870628 0.33637248729747615 0.4559639351378698 0.33698518763863733 0.45573417250993437 0.3380063548739059 0.45918061192896586 0.3435206579443563 0.4617080008362557 0.34229525726203397 0.46354610185973916 0.34413335828551744 0.4645800336854486 0.3439291248384638 0.46297169528990056 0.338619055215067 0.46331633923180365 0.33596402040336865
0 0.4800890110710904 0.33555555350926125 0.4765276903380912 0.3353513200622075 0.47365565748889826 0.3361682538504224 0.47285148829112433 0.3388232886621208 0.473770538802866 0.3410698565797117 0.4761830463961881 0.3439291248384638 0.4789401979314133 0.34454182517962495 0.47974436712918733 0.3433164244973026 0.47951460450125183 0.33821058832095957
0 0.49272595560753935 0.33412591937988523 0.49111761721199126 0.3337174524857778 0.4890497535605723 0.3359640204033687 0.48916463487454004 0.3392317555562282 0.4897390414443787 0.3418867903679266 0.48950927881644324 0.34515452552078607 0.4916920237818299 0.34311219105024887 0.49295571823547474 0.3398444558973893 0.49215154903770075 0.33678095419158355 0.4922664303516684 0.335759786956315
0 0.5093837461328583 0.3349428531681001 0.5073158824814393 0.3322878183564017 0.5049033748881174 0.3324920518034554 0.5035247991205047 0.3329005186975629 0.5026057486087631 0.3359640204033687 0.5051331375160527 0.3418867903679266 0.5070861198535039 0.3414783234738191 0.5075456451093748 0.338619055215067 0.5096135087607937 0.33841482176801335
0 0.5235141477508876 0.33351321903872405 0.5207569962156623 0.3337174524857778 0.5178849633664694 0.3361682538504224 0.5158170997150504 0.33718942108569105 0.5160468623429859 0.3380063548739059 0.5205272335877269 0.34168255692087285 0.5232843851229521 0.3406613896856042 0.5248927235185001 0.33964022245033565 0.5236290290648553 0.33759788797979845
0 0.5408612261600129 0.33085818422702573 0.5384487185666907 0.33106241767407946 0.5362659736013041 0.3345343862739927 0.5344278725778208 0.33433015282693895 0.5337385846940144 0.33412591937988523 0.5316707210425954 0.3388232886621208 0.5344278725778207 0.3390275221091745 0.5364957362292395 0.3420910238149803 0.538333837252723 0.3406613896856042 0.5389082438225616 0.338619055215067 0.5410909887879483 0.3365767207445298 0.5425844458695287 0.3341259193798852
0 0.5539576959523326 0.3294285500976497 0.5516600696729783 0.3294285500976497 0.5482136302539466 0.3353513200622076 0.5510856631031397 0.3365767207445299 0.5507410191612365 0.3414783234738192 0.5545321025221712 0.34045715623855055 0.5540725772663003 0.3365767207445298 0.5547618651501067 0.3347386197210464 0.5563702035456548 0.33412591937988523 0.5559106782897837 0.3304497173329183
0 0.5695815546519422 0.33106241767407946 0.5672839283725878 0.3304497173329182 0.5653309460351367 0.33290051869756293 0.5637226076395886 0.33310475214461666 0.5645267768373626 0.3373936545327448 0.5662499965468784 0.33759788797979845 0.570041079907813 0.3373936545327448 0.5709601304195547 0.33575978695631503 0.5701559612217808 0.33433015282693895
0 0.5852054133515516 0.3288158497564885 0.5817589739325203 0.328407382862381 0.5799208729090367 0.33004125043881083 0.5784274158274564 0.3339216859328315 0.5803803981649075 0.335759786956315 0.581414329990617 0.3392317555562282 0.5827929057582296 0.33964022245033565 0.5856649386074226 0.33964022245033565 0.585090532037584 0.3369851876386373 0.5862393451772612 0.3349428531681001 0.5854351759794871 0.33208358490934803
0 0.6016334412489353 0.330653950779972 0.5993358149695809 0.3298370169917571 0.5970381886902267 0.3300412504388109 0.5955447316086463 0.33147088456818685 0.5945107997829367 0.33371745248577783 0.5965786634343557 0.3390275221091745 0.5983018831438714 0.33780212142685223 0.599680458911484 0.33637248729747615 0.6008292720511612 0.3353513200622076 0.6017483225629029 0.33249205180345554
0 0.6159936054948999 0.3275904490741662 0.6136959792155456 0.3263650483918439 0.6125471660758685 0.32616081494479016 0.6103644211104818 0.3277946825212199 0.6093304892847724 0.3296327835447034 0.6089858453428693 0.330653950779972 0.6108239463663527 0.3361682538504224 0.6142703857853842 0.33637248729747615 0.6156489615529969 0.3345343862739927 0.6158787241809323 0.3312666511211331
0 0.6318472268224449 0.32411848047425296 0.6296644818570583 0.32371001358014556 0.6256436358681882 0.32902008320354226 0.6272519742637362 0.3329005186975629 0.6295496005430906 0.33412591937988523 0.6309281763107032 0.3318793514622943 0.6321918707643481 0.330653950779972 0.6321918707643481 0.3275904490741662
0 0.6475859668360222 0.32064651187433973 0.6444841713588938 0.31921687774496366 0.6400038001141528 0.3251396477095216 0.6427609516493782 0.3292243166505959 0.644024646103023 0.33147088456818685 0.6457478658125388 0.3273862156271125 0.6470115602661837 0.32575234805068276 0.6473562042080868 0.32187191255666203
0 0.6597633861166001 0.32166767910960836 0.6580401664070845 0.3212592122155009 0.6544788456740853 0.325548114603629 0.6572359972093104 0.32697774873300506 0.6589592169188262 0.33024548388586455 0.6609121992562774 0.32779468252121996 0.6619461310819869 0.3245269473683604 0.6604526740004066 0.32248461289782326
0 0.6766509392698546 0.3222803794507695 0.6755021261301775 0.32187191255666203 0.6713663988273396 0.32677351528595133 0.6707919922575011 0.3275904490741662 0.6725152119670169 0.3300412504388109 0.6755021261301775 0.3318793514622943 0.6759616513860484 0.32799891596827363 0.6773402271536609 0.32473118081541413 0.6772253458396932 0.322688846344877
0 0.6902069343180453 0.3210549787684472 0.6889432398644004 0.3208507453213934 0.6842331059917239 0.32595658149773643 0.6871051388409168 0.3294285500976497 0.6908962222018515 0.32677351528595133 0.6907813408878839 0.32473118081541413 0.6904366969459808 0.322688846344877