1 0.4017210144927536 0.3003220611916264 0.40851449275362317 0.3027375201288245 0.411231884057971 0.31803542673107893 0.41847826086956524 0.32367149758454106 0.4773550724637681 0.3285024154589372 0.5914855072463768 0.322061191626409 0.6580615942028986 0.3115942028985507 0.6956521739130435 0.30917874396135264 0.7110507246376812 0.3035426731078905 0.7164855072463768 0.3107890499194847 0.7178442028985508 0.3164251207729469 0.7101449275362319 0.3502415458937198 0.7105978260869565 0.38405797101449274 0.7146739130434783 0.4420289855072464 0.7137681159420289 0.4750402576489533 0.7160326086956522 0.4855072463768116 0.7305253623188406 0.5048309178743962 0.7219202898550725 0.5201288244766505 0.7155797101449275 0.5225442834138486 0.708786231884058 0.5225442834138486 0.7038043478260869 0.5120772946859904 0.697463768115942 0.5080515297906603 0.6109601449275363 0.5040257648953301 0.573822463768116 0.5080515297906603 0.45742753623188404 0.5096618357487923 0.40443840579710144 0.5249597423510467 0.39221014492753625 0.5233494363929146 0.38768115942028986 0.5177133655394525 0.38632246376811596 0.5040257648953301 0.39356884057971014 0.4694041867954911 0.39719202898550726 0.40901771336553944 0.396286231884058 0.3389694041867955 0.39855072463768115 0.32608695652173914 0.39356884057971014 0.31803542673107893 0.39311594202898553 0.3035426731078905
0 0.4157195734599781 0.3282911037747017 0.4146857666251383 0.3310479220009414 0.41391041149900837 0.3340344750793677 0.41274737880981355 0.3342642099315543 0.41055053928577884 0.33311553567062113 0.4100336358683589 0.32989924774000823 0.4080952480530342 0.32806136892251514 0.4073198929269043 0.32622349010502205 0.40770757048996925 0.32231799761784924 0.40809524805303415 0.32231799761784924 0.4118427978293287 0.32231799761784924 0.41468576662513823 0.32231799761784924
0 0.42954673987596126 0.32943977803563496 0.42592841595402176 0.3305884522965681 0.42722067449757156 0.33541288419248744 0.42722067449757156 0.33931837667966025 0.431355901836931 0.3402373160884068 0.4320020311087059 0.34000758123622016 0.4307097725651561 0.33587235389686076 0.4291590623128963 0.33242633111406117
0 0.4446661648354942 0.3319668614096879 0.4416939701853295 0.3342642099315543 0.4429862287288794 0.33931837667966025 0.44324468043758936 0.34253466461027315 0.4467337785051739 0.3418454600537132 0.4490598438835636 0.3425346646102731 0.4476383594856588 0.33771023271435374 0.445958423379044 0.33587235389686065
0 0.4637915912800316 0.33357500537499435 0.46004404150373707 0.336331823601234 0.4572010727079275 0.3365615584534206 0.4574595244166374 0.3400075812362201 0.45926868637760715 0.3429941343146464 0.4628870102995467 0.3434536040190197 0.46275778444519167 0.3390886418274736 0.46327468786261167 0.33564261904467413
0 0.47761875769601464 0.33541288419248744 0.47490501475456004 0.3372507630099806 0.47348353035665525 0.3370210281577939 0.47464656304585007 0.3425346646102731 0.47606804744375486 0.34437254342776624 0.4794279196569844 0.34483201313213946 0.47878179038520946 0.34092652064496665 0.4785233386764996 0.3377102327143538 0.47826488696778957 0.33564261904467413
0 0.49299663436425756 0.3361020887490473 0.49157514996635276 0.3349534144881142 0.48950753629667304 0.3383994372709137 0.49041211727715794 0.34184546005371325 0.490024439714093 0.34506174798432615 0.49312586021861254 0.3434536040190197 0.49299663436425756 0.3402373160884068
0 0.5063068973628208 0.33334527052280777 0.5038516061300761 0.33288580081843444 0.5019132183147513 0.3356426190446741 0.504368509547496 0.3397778463840335 0.504368509547496 0.3429941343146464 0.5066945749258857 0.34138599034934 0.5073407041976605 0.3372507630099805
0 0.5225893550115485 0.3347236796359276 0.5249154203899382 0.3400075812362201 0.5237523877007433 0.34069678579278007 0.5214263223223536 0.34069678579278007 0.5201340637788039 0.34161572520152655 0.5194879345070289 0.34184546005371325 0.5179372242547692 0.3395481115318469 0.5159988364394443 0.3395481115318469 0.5153527071676696 0.3383994372709137 0.5156111588763795 0.33679129330560725 0.518583353526544 0.3365615584534206
0 0.5395179419320512 0.3315073917053146 0.5382256833885013 0.331277656853128 0.5362872955731767 0.3340344750793677 0.532927423359947 0.3351831493403008 0.5315059389620422 0.3351831493403008 0.5311182613989774 0.3374804978621672 0.533832004340432 0.338858906975287 0.5351242628839818 0.34092652064496665 0.5353827145926918 0.34230492975808646 0.5375795541167265 0.3416157252015266 0.5386133609515663 0.34069678579278 0.5387425868059214 0.33793996756654043 0.5387425868059214 0.3358723538968607 0.5393887160776962 0.33242633111406117
0 0.5541204634741642 0.33012898259219486 0.5520528498044844 0.32966951288782154 0.547659170756415 0.3351831493403008 0.5501144619891598 0.3372507630099805 0.5507605912609347 0.34230492975808646 0.5554127220177141 0.3402373160884068 0.5542496893285193 0.33564261904467413 0.5541204634741642 0.33242633111406117
0 0.569886017705472 0.33127765685312804 0.5682060815988571 0.3303587174443815 0.5661384679291775 0.33357500537499435 0.5648462093856276 0.33357500537499435 0.5647169835312728 0.336331823601234 0.5652338869486927 0.3390886418274736 0.5691106625793422 0.33885890697528703 0.5700152435598269 0.33472367963592753
0 0.5848762168106499 0.33035871744438144 0.5828086031409704 0.3285208386268884 0.5793195050733858 0.3331155356706211 0.5808702153256455 0.3356426190446741 0.5807409894712906 0.338858906975287 0.5819040221604854 0.34046705094059343 0.5837131841214551 0.3397778463840335 0.5826793772866152 0.33679129330560725 0.5843593133932301 0.33288580081843444
0 0.599220286644053 0.33035871744438144 0.5965065437025984 0.3289803083312617 0.5937928007611438 0.331277656853128 0.5959896402851784 0.3344939447837409 0.5965065437025984 0.33862917212310034 0.5977988022461481 0.34000758123622016 0.5999956417701829 0.33679129330560725 0.599737190061473 0.33288580081843444
0 0.614210485749231 0.32760189921814187 0.6121428720795512 0.3271424295137686 0.6089122257206767 0.3285208386268884 0.6104629359729365 0.33265606596624786 0.6109798393903564 0.33679129330560725 0.6127890013513261 0.3361020887490473 0.614210485749231 0.3340344750793676 0.6153735184384258 0.33357500537499435 0.6148566150210059 0.33035871744438144
0 0.6306221692523137 0.324385611287529 0.6267453936216643 0.3259937552528354 0.6253239092237595 0.3289803083312617 0.6241608765345646 0.3301289825921948 0.6271330711847292 0.33196686140968795 0.6271330711847292 0.33426420993155426 0.6298468141261839 0.333804740227181 0.629329910708764 0.32898030833126163 0.6302344916892487 0.32530455069627545
0 0.6474215303184614 0.31887197483504975 0.6438032063965219 0.319331444539423 0.6416063668724873 0.3234666718787824 0.6408310117463574 0.3246153461397156 0.6404433341832924 0.3271424295137686 0.6419940444355522 0.3276018992181418 0.6421232702899071 0.3317371265575013 0.6426401737073271 0.33242633111406117 0.6441908839595869 0.3317371265575013 0.6450954649400717 0.3273721643659552 0.6463877234836215 0.32553428554846214 0.6465169493379765 0.3209395885047294
0 0.6595687606278298 0.32300720217440915 0.6582765020842799 0.32048011880035615 0.6560796625602453 0.3209395885047294 0.6542705005992754 0.32300720217440915 0.6534951454731456 0.32622349010502205 0.6536243713275006 0.32622349010502205 0.6573719211037949 0.3271424295137686 0.6582765020842799 0.3298992477400082 0.6587934055016997 0.3303587174443815 0.6599564381908947 0.3257640204006487
0 0.6757219924222024 0.3232369370265958 0.6741712821699428 0.32300720217440915 0.6717159909371981 0.3266829598093953 0.6710698616654233 0.3278316340703285 0.6722328943546181 0.331277656853128 0.673266701189458 0.331277656853128 0.6743005080242978 0.3310479220009414 0.6750758631504277 0.32622349010502205
0 0.687610771022861 0.321858527913476 0.6838632212465664 0.32622349010502205 0.6832170919747915 0.32966951288782154 0.6882569002946358 0.3305884522965681 0.6896783846925407 0.3282911037747017 0.6903245139643155 0.3241558764353423