1 0.7065217391304348 0.29790660225442833 0.7110507246376812 0.29790660225442833 0.71875 0.30515297906602257 0.71875 0.3172302737520129 0.7142210144927537 0.33735909822866345 0.7137681159420289 0.37359098228663445 0.7164855072463768 0.44122383252818037 0.7151268115942029 0.47020933977455714 0.7169384057971014 0.4943639291465378 0.7096920289855072 0.5056360708534622 0.6825181159420289 0.5080515297906603 0.6182065217391305 0.5024154589371981 0.5756340579710145 0.5080515297906603 0.48278985507246375 0.5072463768115942 0.453804347826087 0.5096618357487923 0.4048913043478261 0.5225442834138486 0.3976449275362319 0.5201288244766505 0.38903985507246375 0.5088566827697263 0.389945652173913 0.4943639291465378 0.39719202898550726 0.4694041867954911 0.4003623188405797 0.4114331723027375 0.39719202898550726 0.32930756843800324 0.39221014492753625 0.31803542673107893 0.39356884057971014 0.3027375201288245 0.4067028985507246 0.3003220611916264 0.416213768115942 0.3148148148148148 0.4279891304347826 0.322061191626409 0.4438405797101449 0.322061191626409 0.4746376811594203 0.3285024154589372 0.4995471014492754 0.3285024154589372 0.6354166666666666 0.3115942028985507 0.6865942028985508 0.3083735909822866 0.6970108695652174 0.30515297906602257
0 0.4148770208895836 0.32183095973121356 0.4113827537878249 0.3225477324700359 0.4095012253484164 0.3215920354849395 0.4084260662401829 0.32111418699239125 0.40748530202047867 0.3254148234253251 0.4095012253484164 0.3289986871194366 0.4103075946795915 0.3335382477986445 0.4128610975616459 0.334732869030015 0.4144738362239961 0.3340160962911927 0.4152802055551712 0.3313879295821776 0.41702733910605055 0.33019330835080707 0.4167585493289922 0.3244591264402287
0 0.4283165097425018 0.3289986871194366 0.42603179663750573 0.32923761136571067 0.42509103241780144 0.3318657780747258 0.42562861197191815 0.3344939447837409 0.4276445352998559 0.33759995998530423 0.4283165097425018 0.3387945812166747 0.4306012228474979 0.3387945812166747 0.4306012228474979 0.3361664145076596 0.42939166885073526 0.3342550205374668 0.4287196944080893 0.33210470232099987
0 0.4452502656971787 0.3325825508135481 0.44256236792659503 0.33210470232099987 0.44175599859542 0.3342550205374668 0.44336873725777015 0.3390335054629488 0.44390631681188686 0.3397502782017711 0.44780376857923315 0.3399892024480452 0.44834134813334986 0.3399892024480452 0.4465942145824705 0.3368831872464819 0.44578784525129544 0.3359274902613855 0.44538466058570786 0.334732869030015
0 0.46191523187479716 0.3340160962911927 0.45815217499598015 0.3356885660151114 0.45774899033039257 0.33664426300020783 0.45895854432715527 0.34118382367941574 0.46137765232068056 0.341900596418238 0.46366236542567657 0.34476768737352725 0.46419994497979333 0.34046705094059343 0.4625872063174431 0.3383167327241265 0.46231841654038475 0.3359274902613855
0 0.47804261849829904 0.3354496417688373 0.47387637695389445 0.3359274902613855 0.47293561273419005 0.33759995998530423 0.47387637695389434 0.3426173691570603 0.47642987983594876 0.344289838880979 0.47884898782947416 0.34476768737352725 0.47992414693770763 0.34476768737352725 0.47871459294094487 0.3399892024480452 0.47817701338682816 0.3390335054629488
0 0.4929604511250382 0.3342550205374668 0.48933178913475023 0.3344939447837409 0.48906299935769193 0.3392724297092229 0.4901381584659253 0.34309521764960854 0.49040694824298364 0.3452455358660754 0.4939012153447425 0.3426173691570603 0.4937668204562133 0.3397502782017711 0.4930948460135674 0.334732869030015
0 0.5074750990861898 0.3337771720449186 0.5041152268729603 0.3325825508135481 0.5019649086564933 0.3356885660151114 0.5027712779876684 0.3383167327241265 0.5053247808697229 0.3416616721719639 0.5073407041976605 0.3409448994331416 0.5081470735288357 0.3392724297092229 0.5084158633058941 0.3359274902613855
0 0.5221241419358705 0.3330603993060963 0.5193018492767577 0.3337771720449186 0.5168827412832324 0.337122111492756 0.5203770083849912 0.3409448994331416 0.5237368805982208 0.3392724297092229 0.5245432499293959 0.3378388842315783 0.5230649061555749 0.3361664145076596
0 0.5389235030020183 0.3306711568433553 0.5362356052314347 0.3352107175225632 0.5330101279067343 0.3356885660151114 0.5319349687985008 0.337122111492756 0.5318005739099716 0.3399892024480452 0.5358324205658471 0.34213952066451214 0.53865471322496 0.3416616721719639 0.5398642672217226 0.33759995998530423 0.5404018467758394 0.3352107175225632
0 0.5538413356287574 0.3289986871194366 0.5516910174122905 0.32828191438061427 0.5483311451990609 0.334732869030015 0.5503470685269987 0.3383167327241265 0.5503470685269987 0.34142274792568983 0.5547820998484617 0.34046705094059343 0.5546477049599325 0.3368831872464819 0.5542445202943449 0.3335382477986445
0 0.5694311426981424 0.3309100810896294 0.5659368755963837 0.3313879295821776 0.5640553471569753 0.334732869030015 0.5649961113766795 0.3387945812166747 0.5688935631440257 0.3378388842315783 0.5691623529210841 0.3344939447837409
0 0.5842145804363524 0.3294765356119848 0.5811234980001813 0.3294765356119848 0.5799139440034187 0.3328214750598222 0.5807203133345937 0.3364053387539337 0.5813922877772396 0.33951135395549703 0.5842145804363524 0.34046705094059343 0.58461776510194 0.33759995998530423 0.5842145804363524 0.3354496417688373 0.5847521599904691 0.3328214750598222
0 0.6000731772827959 0.3309100810896294 0.5976540692892706 0.3297154598582589 0.5933534328563368 0.332343626567274 0.5957725408498621 0.34022812669431934 0.5980572539548582 0.3383167327241265 0.5988636232860333 0.3361664145076596
0 0.6152597996865934 0.3280429901343402 0.6123031121389514 0.32637052041042147 0.6106903734766013 0.3270872931492438 0.609077634814251 0.3294765356119848 0.6110935581421888 0.3364053387539337 0.6172757230145312 0.3354496417688373 0.6170069332374728 0.3328214750598222 0.6160661690177685 0.3313879295821776
0 0.6316559760871535 0.325175899179051 0.6292368680936283 0.3242202021939546 0.6264145754345155 0.32756514164179196 0.625339416326282 0.32923761136571067 0.62896807831657 0.3354496417688373 0.6311183965330368 0.3330603993060963 0.631252791421566 0.3309100810896294 0.6329999249724454 0.3285208386268884 0.632731135195387 0.32565374767159916
0 0.6463050189368343 0.3213531112386654 0.6441547007203674 0.32039741425356894 0.6413324080612547 0.3249369749327769 0.6406604336186087 0.3285208386268884 0.6442890956088967 0.3332993235523704 0.6471113882680094 0.3332993235523704 0.6471113882680094 0.3270872931492438 0.6473801780450679 0.32398127794768045
0 0.6606852720094568 0.32087526274611716 0.6582661640159315 0.31991956576102076 0.6534279480288809 0.3249369749327769 0.6558470560224062 0.3280429901343402 0.6571910049076981 0.3289986871194366 0.6588037435700482 0.3325825508135481 0.6609540617865152 0.3304322325970812 0.6609540617865152 0.3261315961641474 0.6617604311176902 0.32398127794768045
0 0.6753343148591376 0.32206988397748765 0.6738559710853166 0.3225477324700359 0.6706304937606162 0.3270872931492438 0.6718400477573788 0.3294765356119848 0.6735871813082582 0.3316268538284517 0.6754687097476668 0.3309100810896294 0.6766782637444294 0.3280429901343402 0.6784253972953088 0.3242202021939546
0 0.6898489628202892 0.31944171726847254 0.6850107468332387 0.3244591264402287 0.6868922752726472 0.32828191438061427 0.6872954599382347 0.32828191438061427 0.6899833577088184 0.3261315961641474 0.6906553321514644 0.3225477324700359