1 0.6956521739130435 0.25120772946859904 0.7006340579710145 0.25442834138486314 0.7010869565217391 0.2665056360708535 0.6929347826086957 0.29790660225442833 0.6893115942028986 0.33011272141706927 0.6897644927536232 0.4138486312399356 0.6956521739130435 0.44122383252818037 0.6942934782608695 0.5144927536231884 0.6893115942028986 0.5265700483091788 0.6757246376811594 0.5322061191626409 0.5615942028985508 0.5322061191626409 0.41032608695652173 0.5426731078904992 0.3999094202898551 0.5410628019323671 0.3908514492753623 0.5314009661835749 0.3845108695652174 0.501610305958132 0.38179347826086957 0.4219001610305958 0.3836050724637681 0.3864734299516908 0.379981884057971 0.3526570048309179 0.37681159420289856 0.3397745571658615 0.3763586956521739 0.33011272141706927 0.3786231884057971 0.3164251207729469 0.375 0.29871175523349436 0.3754528985507246 0.29066022544283415 0.3786231884057971 0.286634460547504 0.39221014492753625 0.28019323671497587 0.48278985507246375 0.2673107890499195 0.6000905797101449 0.2648953301127214 0.654891304347826 0.2560386473429952 0.6847826086956522 0.26247987117552335
0 0.4043782496357883 0.28871408299445744 0.4051433929652789 0.29687561184235733 0.40667367962426015 0.29789580294834483 0.40686496545663275 0.30367688588227393 0.40227410547968917 0.305377204392253 0.40170024798257115 0.30945796881620297 0.3961529588437642 0.3087778414122113 0.39844838883223604 0.305377204392253 0.3992135321617266 0.3023166310742906 0.3994048179940993 0.2985759303523364 0.39978738965884464 0.2951752933323782 0.4011263904854532 0.29177465631241994
0 0.42446326203491686 0.2863336370804867 0.4219765462140724 0.2863336370804867 0.4200636878903458 0.2904144015044366 0.4171944004047561 0.29211472001441574 0.4160466854105201 0.2958554207363699 0.41795954373424665 0.29993618516031983 0.41910725872848253 0.30265669477628643 0.4210201170522091 0.3016365036702989 0.42140268871695435 0.297555739246349 0.4233155470406809 0.29551535703437404 0.42694997785576133 0.29653554814036154 0.4254196911967802 0.2934749748223991 0.42427197620254425 0.29075446520643244
0 0.44454827443404543 0.2839531911665159 0.4376619844686299 0.28599357337849085 0.43842712779812054 0.29075446520643244 0.4382358419657479 0.29551535703437404 0.43976612862472914 0.2985759303523365 0.4418702727808283 0.2985759303523365 0.44301798777506424 0.29483522963038244 0.44684370442251725 0.29483522963038244 0.4462698469253993 0.2910945289084283 0.44435698860167283 0.28803395559046585
0 0.4655897159950373 0.28123268155054926 0.4611901418504662 0.279872426742566 0.4560254243764046 0.28565350967649505 0.4573644252030132 0.2931349111204033 0.4613814276828389 0.2924547837164116 0.4629117143418201 0.29075446520643244
0 0.4826141550762033 0.27511153491462437 0.48127515424959477 0.27953236304057016 0.4763017226079058 0.28327306376252426 0.47802329509925967 0.2866737007824825 0.4770668659373964 0.2944951659283866 0.4793622959258682 0.29347497482239915 0.47993615342298623 0.289734274100445 0.48586601422653847 0.2887140829944575 0.4862485858912837 0.2836131274645201 0.4835705842380666 0.281912808954541
0 0.5034643108048225 0.275791662318616 0.5004037374868601 0.2774919808285952 0.4975344500012702 0.2788522356365785 0.49791702166601554 0.2849733822725034 0.49734316416889757 0.289734274100445 0.5025078816429592 0.2863336370804867 0.5053771691285491 0.2853134459744992 0.5053771691285491 0.2805525541465576
0 0.5248883240305596 0.2744314075106327 0.5224016082097153 0.2740913438086369 0.514750174914809 0.27919229933857437 0.5137937457529458 0.28701376448447835 0.5189584632270074 0.28701376448447835 0.5218277507125972 0.2839531911665159 0.525844753192423 0.2832730637625243 0.525270895695305 0.27817210823258687
0 0.5422953347764711 0.275791662318616 0.539043475626136 0.27749198082859516 0.5356003306434282 0.279872426742566 0.535217758978683 0.2815727452525451 0.5354090448110556 0.2849733822725034 0.5357916164758009 0.2890541466964533 0.5388521897937634 0.2900743378024408 0.5403824764527446 0.28701376448447835 0.5436343356030797 0.28803395559046585 0.544016907267825 0.28191280895454096 0.5430604781059617 0.2791922993385743
0 0.5633367763374628 0.27545159861662016 0.5606587746842457 0.2740913438086369 0.5554940572101841 0.2791922993385743 0.5537724847188302 0.2832730637625243 0.5543463422159483 0.28837401929246165 0.5574069155339106 0.28939421039844915 0.5589372021928919 0.28735382818647415 0.5598936313547551 0.2866737007824825 0.5633367763374629 0.2825929363585326
0 0.5818915020776102 0.27477147121262857 0.5774919279330393 0.2768118534246035 0.5736662112855861 0.2785121719345827 0.5742400687827041 0.2853134459744992 0.5744313546150768 0.28939421039844915 0.5765354987711759 0.28803395559046585 0.5801699295862563 0.28803395559046585 0.5824653595747282 0.28599357337849085 0.5817002162452376 0.2802124904445618
0 0.6006375136501301 0.2723910252986578 0.5950902245113233 0.277832044530591 0.5920296511933607 0.277832044530591 0.5929860803552242 0.28191280895454096 0.5927947945228516 0.2890541466964533 0.5945163670142054 0.2863336370804867 0.5956640820084412 0.2836131274645201 0.5998723703206397 0.28463331857050755 0.6014026569796208 0.2822528726565368 0.600254941985385 0.27953236304057016
0 0.6212963835463767 0.2710307704906745 0.617853238563669 0.2703506430866829 0.6111582344306262 0.27749198082859516 0.6115408060953714 0.28463331857050755 0.615175236910452 0.28463331857050755 0.6174706668989237 0.2805525541465576 0.6199573827197682 0.2805525541465576 0.621678955211122 0.28463331857050755 0.6234005277024759 0.27885223563657846 0.62225281270824 0.275791662318616
0 0.641572681777878 0.2706907067886787 0.6398511092865241 0.270010579384687 0.6375556792980522 0.2717108978946661 0.6339212484829718 0.2730711527026494 0.6325822476563633 0.2788522356365785 0.6321996759916181 0.28429325486851176 0.6339212484829719 0.2849733822725034 0.636599250136189 0.2815727452525451 0.6406162526160147 0.2812326815505493 0.6429116826044865 0.2815727452525451 0.6431029684368591 0.2764717897226077 0.6432942542692318 0.27137083419267033 0.6429116826044865 0.2706907067886786
0 0.6628054091712424 0.2676301334707162 0.6593622641885347 0.2706907067886787 0.6563016908705722 0.27375128010664107 0.6540062608821003 0.2740913438086369 0.6526672600554918 0.2744314075106327 0.6517108308936286 0.27953236304057016 0.654771404211591 0.28225287265653676 0.6584058350266714 0.27715191712659937 0.6605099791827705 0.2740913438086369 0.6635705525007332 0.2740913438086369 0.663570552500733 0.2717108978946662