1 0.6553442028985508 0.25523349436392917 0.6748188405797102 0.26006441223832527 0.6829710144927537 0.26570048309178745 0.6879528985507246 0.29307568438003223 0.6893115942028986 0.41545893719806765 0.6942934782608695 0.44041867954911434 0.6942934782608695 0.4774557165861514 0.6906702898550725 0.5136876006441223 0.6865942028985508 0.5217391304347826 0.6644021739130435 0.5314009661835749 0.5430253623188406 0.533011272141707 0.4067028985507246 0.5450885668276972 0.396286231884058 0.5426731078904992 0.3908514492753623 0.5362318840579711 0.38315217391304346 0.5048309178743962 0.3795289855072464 0.45169082125603865 0.37817028985507245 0.4057971014492754 0.379981884057971 0.38727858293075684 0.3759057971014493 0.30676328502415456 0.3759057971014493 0.29307568438003223 0.37817028985507245 0.2882447665056361 0.3953804347826087 0.2785829307568438 0.416213768115942 0.2785829307568438 0.4678442028985507 0.26972624798711753 0.6000905797101449 0.2648953301127214
0 0.40409337286327807 0.2886453223295743 0.40273278911626365 0.28864532232957435 0.39925574176278245 0.2948267398468744 0.40031397356601583 0.2972455553971222 0.3997092696784538 0.301814429214257 0.39895338981900147 0.30503951661458745 0.397895158015768 0.307995846731557 0.40137220536924934 0.30880211858163964 0.40318631703193514 0.30611454574803093 0.40318631703193514 0.3039644874811439 0.40530278063840197 0.3031582156310614 0.4065121884135259 0.3026207010643396 0.40636101244163536 0.2977830699638439 0.405000428694621 0.29509549713023525 0.4042445488351685 0.29375171071343087 0.40454690077894956 0.28972035146301783
0 0.4258627128155085 0.2862265067793265 0.42329272129337026 0.28622650677932654 0.4208739057431224 0.2883765650462135 0.4199668499117795 0.29240792429662654 0.41830391422098406 0.29375171071343087 0.4172456824177506 0.2945579825635135 0.4180015622772031 0.2999331282307309 0.4187574421366555 0.3034269729144222 0.4210250817150129 0.3010081573641744 0.42117625768690337 0.29805182724720486 0.4229903693495892 0.2959017689803179 0.425711536843618 0.29670804083040053 0.42661859267496105 0.29509549713023525 0.4258627128155086 0.29240792429662654 0.42480448101227514 0.28998910874637873
0 0.44430618138614825 0.28353893394571783 0.44188736583590044 0.2838076912290787 0.4372009107072952 0.2862265067793265 0.4394685502856526 0.28918283689629615 0.43901502236998113 0.2937517107134309 0.4388638463980907 0.2967080408304004 0.4402244301451051 0.2988580990972874 0.4421897177796814 0.29858934181392655 0.4438526534704768 0.29536425441359615 0.4461202930488341 0.2945579825635135 0.447329700823958 0.29402046799679177 0.447329700823958 0.2905266233131005 0.44475970930181974 0.289451594179657 0.44445735735803876 0.2870327786294091
0 0.4645637616194738 0.2805826038287483 0.4613890662097735 0.2805826038287483 0.4583655467719638 0.2830014193789961 0.45685378705305885 0.2856889922126048 0.4573073149687304 0.2907953805964613 0.45806319482818286 0.2945579825635135 0.4597261305189782 0.29375171071343087 0.46093553829410217 0.29106413787982216 0.4629008259286785 0.2899891087463787 0.46501728953514526 0.28945159417965693 0.4654708174508168 0.2864952640626874 0.4644125856475833 0.2846139630791613 0.46426140967569285 0.2819263902455526
0 0.4834607581057849 0.27628248729497434 0.48028606269608465 0.2787013028452222 0.4789254789490703 0.2816576329621917 0.4777160711739465 0.2819263902455526 0.4771113672863844 0.28380769122907873 0.47801842311772746 0.2867640213460482 0.4778672471458369 0.2910641378798222 0.4795301828366323 0.2916016524465439 0.48119311852742774 0.2907953805964613 0.48270487824633257 0.2881078077628526 0.48406546199334693 0.2881078077628526 0.48421663796523756 0.28515147764588306 0.48421663796523756 0.2816576329621917 0.4839142860214565 0.2792388174119439 0.48406546199334705 0.2768200018616961
0 0.5000901150137388 0.27789503099513957 0.49721777154781954 0.2784325455618613 0.49691541960403857 0.2816576329621917 0.49797365140727196 0.2859577494959657 0.49721777154781954 0.2910641378798222 0.5000901150137388 0.289451594179657 0.5016018747326437 0.28649526406268744 0.5038695143110011 0.28542023492924395 0.504171866254782 0.2813888756788309 0.5035671623672201 0.2773575164284178
0 0.5242782705162171 0.27493870087816996 0.5224641588535313 0.2744011863114483 0.5174753517811451 0.27789503099513957 0.5147541842871164 0.2792388174119439 0.5153588881746782 0.28542023492924395 0.5176265277530355 0.28542023492924395 0.5195918153876119 0.28730153591277 0.5206500471908454 0.28542023492924395 0.5229176867692027 0.28461396307916137 0.5245806224599981 0.28461396307916137 0.5253365023194506 0.2819263902455526 0.5251853263475601 0.2773575164284178
0 0.5436287949181997 0.27628248729497434 0.5383376359020327 0.27897006012858305 0.5362211722955658 0.27977633197866564 0.5357676443798944 0.28353893394571783 0.5369770521550183 0.28757029319613087 0.5390935157614851 0.2867640213460482 0.5401517475647186 0.28542023492924395 0.541814683255514 0.28515147764588306 0.5433264429744189 0.28730153591277 0.5437799708900903 0.28380769122907873 0.5436287949181997 0.27977633197866564
0 0.560711679741825 0.272788642611283 0.5575369843321247 0.2757449727282526 0.555420520725658 0.27977633197866564 0.5543622889224246 0.2808513611121092 0.5537575850348625 0.28515147764588306 0.5557228726694389 0.2867640213460483 0.5566299285007819 0.28998910874637873 0.5590487440510297 0.2867640213460482 0.561618735573168 0.2846139630791613 0.5640375511234158 0.28783905047949176 0.5637351991796349 0.2800450892620265 0.5628281433482919 0.2754762154448917 0.561921087516949 0.27359491446136563
0 0.5811204359470411 0.27628248729497434 0.5779457405373408 0.2768200018616961 0.5747710451276405 0.2787013028452222 0.5741663412400786 0.28112011839547 0.5743175172119691 0.28595774949596564 0.5749222210995311 0.2897203514630179 0.5771898606778884 0.2883765650462135 0.5791551483124647 0.28783905047949176 0.5809692599751507 0.28649526406268744 0.5821786677502746 0.2851514776458831 0.5821786677502746 0.2808513611121092 0.581422787890822 0.2776262737117787
0 0.5994127285457903 0.2735949144613656 0.5948774493890757 0.277088759145057 0.5935168656420613 0.27735751642841777 0.5920051059231564 0.2787013028452222 0.5924586338388278 0.2859577494959657 0.5929121617544993 0.289451594179657 0.5950286253609661 0.2862265067793265 0.596842737023652 0.28488272036252216 0.5985056727144474 0.28488272036252216 0.6007733122928047 0.2854202349292439 0.6007733122928047 0.2830014193789961 0.5994127285457903 0.2792388174119439 0.5991103766020094 0.27628248729497434 0.5991103766020094 0.2746699435948091
0 0.6216355964136923 0.27225112804456125 0.6192167808634444 0.2711760989111178 0.6151350296224013 0.27359491446136563 0.6122626861564818 0.2757449727282526 0.6107509264375771 0.277088759145057 0.6109021024094675 0.2821951475289135 0.6136232699034964 0.283270176662357 0.6157397335099632 0.28461396307916137 0.6167979653131966 0.28246390481227435 0.619367956835335 0.28112011839547 0.6211820684980208 0.28165763296219176 0.6226938282169258 0.27923881741194395 0.6225426522450352 0.27386367174472653
0 0.6384161292935366 0.26848852607750906 0.6334273222211505 0.2719823707612004 0.632369090417917 0.2744011863114483 0.6325202663898075 0.27950757469530485 0.6346367299962744 0.28353893394571783 0.6364508416589603 0.2800450892620265 0.6437072883097038 0.28246390481227435 0.6449166960848277 0.27601373001161345 0.6432537603940323 0.26848852607750906
0 0.6629066367397959 0.26848852607750906 0.6594295893863147 0.2722511280445613 0.6551966621733809 0.27305739989464395 0.6526266706512426 0.27493870087816996 0.6521731427355711 0.2773575164284178 0.6523243187074618 0.28138887567883086 0.655499014117162 0.28273266209563525 0.6562548939766144 0.27977633197866564 0.6576154777236288 0.2778950309951395 0.6597319413300957 0.27601373001161345 0.6613948770208911 0.27601373001161345 0.6632089886835769 0.27520745816153086 0.6645695724305913 0.2719823707612004