1 0.31657608695652173 0.4444444444444444 0.3759057971014493 0.4476650563607085 0.5461956521739131 0.44847020933977455 0.5896739130434783 0.4524959742351047 0.6082427536231884 0.4500805152979066 0.6304347826086957 0.4806763285024155 0.6322463768115942 0.5 0.6381340579710145 0.5201288244766505 0.6394927536231884 0.5418679549114331 0.6336050724637681 0.5684380032206119 0.6213768115942029 0.5982286634460547 0.6163949275362319 0.6473429951690821 0.6086956521739131 0.6940418679549114 0.5955615942028986 0.7238325281803543 0.4696557971014493 0.717391304347826 0.396286231884058 0.7262479871175523 0.37092391304347827 0.7367149758454107 0.338768115942029 0.7342995169082126 0.33152173913043476 0.7310789049919485 0.32472826086956524 0.7222222222222222 0.31476449275362317 0.6851851851851852 0.31023550724637683 0.6489533011272142 0.30978260869565216 0.6167471819645732 0.30434782608695654 0.5442834138486312 0.2898550724637681 0.4758454106280193 0.29030797101449274 0.46859903381642515 0.29936594202898553 0.4557165861513688
0 0.3318209797785494 0.4608848710627401 0.32926747689649494 0.4613627195552884 0.3265795791259113 0.4596902498313697 0.3244292609094444 0.4570620831223546 0.3230853120241526 0.4565842346298064 0.32174136313886076 0.46064594681646603 0.32066620403062734 0.4639908862643034 0.3224133375815067 0.46733582571214083 0.3252356302406195 0.46733582571214083 0.32725155356855723 0.47044184091370417 0.33061142578178676 0.4694861439286077 0.33168658489002023 0.46781367420468906 0.33168658489002023 0.46375196201802943
0 0.353727346608806 0.4627962650329329 0.353727346608806 0.4678136742046891 0.3506362641726348 0.47091968940625245 0.3471419970708761 0.47259215913017116 0.34311015041500065 0.47068076515997825 0.3397502782017711 0.4685304469435113 0.34364772996911735 0.46685797721959266 0.34512607374293836 0.46446873475685174 0.3456636532970551 0.46160164380156243 0.34539486351999676 0.4582567043537251 0.349292315287343 0.4599291740776437 0.352249002834985 0.46064594681646603
0 0.37791842654405866 0.4675747499584149 0.3761712929931793 0.47091968940625234 0.37375218499965407 0.47187538639134885 0.3720050514487747 0.47259215913017105 0.3698547332323078 0.47020291666743014 0.36488212235672807 0.46924721968233374 0.36434454280261136 0.46829152269723734 0.3646133325796697 0.4668579772195927 0.36636046613054907 0.4630351892792071 0.3668980456846658 0.4604070225701919 0.37092989234054125 0.4635130377717553 0.37469294921935836 0.4659022802344963
0 0.39740568538078996 0.4694861439286077 0.394448997833148 0.47330893186899337 0.3928362591707979 0.47426462885408976 0.38813243807227654 0.47378678036154165 0.3875948585181598 0.4733089318689934 0.3874604636296306 0.4716364621450747 0.390013966511685 0.47020291666743014 0.39082033584286013 0.46781367420468906 0.3904171511772726 0.46327411352548115 0.3904171511772726 0.4623184165403847 0.3948521824987356 0.4659022802344963
0 0.41810249821428397 0.47044184091370417 0.415145810666642 0.47378678036154165 0.41017319979106226 0.4749814015929121 0.4085604611287121 0.47378678036154165 0.4072165122434203 0.472353234883897 0.40761969690900784 0.4704418409137042 0.4103075946795915 0.4694861439286078 0.4113827537878249 0.46518550749567394
0 0.4400088650445406 0.4697250681748819 0.4366489928313111 0.47259215913017105 0.4342298848377858 0.4740257046078157 0.42952606373926444 0.47139753789880057 0.42858529951956015 0.47139753789880057 0.4291228790736769 0.46972506817488185 0.4318107768442605 0.4675747499584149 0.43140759217867297 0.4642298105105776 0.43100440751308544 0.4630351892792071 0.43745536216248615 0.4656633559882222
0 0.45976491365833033 0.46805259845096325 0.45828656988450933 0.4711586136525264 0.455061092559809 0.47354785611526745 0.44995408679570004 0.4740257046078157 0.4486101379104082 0.4733089318689934 0.44847574302187904 0.4706807651599783 0.4519700101236378 0.4685304469435114 0.45291077434334204 0.4656633559882222 0.45291077434334204 0.46375196201802943 0.4565394363336299 0.4661412044807704
0 0.4830152293738787 0.46733582571214083 0.47804261849829904 0.4706807651599783 0.4756235105047737 0.47283108337644525 0.47508593095065704 0.47283108337644514 0.4732044025112485 0.47163646214507465 0.4693069507439023 0.4711586136525264 0.4693069507439023 0.4694861439286077 0.47159166384889833 0.46733582571214083 0.4726668229571318 0.4630351892792071 0.472801217845661 0.46255734078665883 0.47683306450153645 0.465185507495674 0.4812680958229994 0.4656633559882222
0 0.5020993035450225 0.46685797721959266 0.5011585393253183 0.4706807651599783 0.4988738262203222 0.47235323488389697 0.49779866711208876 0.4704418409137042 0.4949763744529758 0.4704418409137042 0.49363242556768405 0.46805259845096325 0.49484197956444675 0.4661412044807704 0.49497637445297593 0.4613627195552884 0.49564834889562187 0.4608848710627401 0.4973954824465012 0.4630351892792071 0.4995458006629681 0.46470765900312583
0 0.5242744601523376 0.4697250681748819 0.5214521674932248 0.4721143106376228 0.51728592594882 0.4730700076227192 0.5155387923979408 0.47068076515997825 0.5137916588470612 0.47020291666743 0.5143292384011781 0.4656633559882222 0.515001212843824 0.4625573407866589 0.516479556617645 0.4613627195552884 0.5170171361717617 0.46088487106274023 0.519436244165287 0.46518550749567394 0.5219897470473415 0.46638012872704443
0 0.5455088525399482 0.47091968940625234 0.5425521649923063 0.472353234883897 0.5402674518873102 0.47259215913017116 0.5390578978905475 0.47044184091370417 0.5366387898970223 0.47044184091370417 0.5378483438937849 0.4661412044807704 0.5382515285593724 0.4635130377717553 0.5398642672217226 0.465185507495674 0.5414770058840728 0.46470765900312583
0 0.5680871938128507 0.47187538639134874 0.5663400602619713 0.47665387131683085 0.5632489778258001 0.4785652652870236 0.5610986596093333 0.4761760228242827 0.5574699976190453 0.47593709857800853 0.5569324180649285 0.472353234883897 0.5577387873961037 0.47020291666743 0.5582763669502204 0.4659022802344963 0.5588139465043371 0.46470765900312583 0.5613674493863916 0.465185507495674 0.5641897420455044 0.4685304469435114 0.5662056653734421 0.47091968940625245
0 0.5812578928887104 0.46638012872704443 0.5778980206754809 0.47450355310036385 0.5805859184460646 0.47450355310036385 0.5827362366625315 0.47593709857800853 0.5830050264395898 0.4778484925482013 0.5864992935413486 0.47904311377957176 0.5894559810889906 0.47904311377957176 0.5897247708660489 0.47689279556310493 0.5877088475381111 0.47402570460781573 0.586096108875761 0.47211431063762294 0.58461776510194 0.47020291666743014
0 0.6065241319321966 0.47187538639134874 0.6039706290501421 0.4711586136525264 0.6011483363910294 0.47689279556310493 0.5995355977286791 0.4804766592572164 0.6046426034927881 0.48095450774976456 0.6074648961519009 0.48095450774976467 0.6080024757060176 0.4768927955631049