1 0.6082427536231884 0.44363929146537845 0.6123188405797102 0.44847020933977455 0.6145833333333334 0.45652173913043476 0.6322463768115942 0.48148148148148145 0.6340579710144928 0.499194847020934 0.6399456521739131 0.5201288244766505 0.6408514492753623 0.5418679549114331 0.634963768115942 0.5684380032206119 0.6213768115942029 0.5982286634460547 0.6159420289855072 0.6497584541062802 0.6086956521739131 0.6964573268921095 0.6000905797101449 0.715780998389694 0.5942028985507246 0.7238325281803543 0.5552536231884058 0.7222222222222222 0.5421195652173914 0.7181964573268921 0.45471014492753625 0.7181964573268921 0.370018115942029 0.7326892109500805 0.34103260869565216 0.7342995169082126 0.33061594202898553 0.7302737520128825 0.3242753623188406 0.7214170692431562 0.3138586956521739 0.6706924315619968 0.31068840579710144 0.644122383252818 0.30570652173913043 0.5434782608695652 0.297554347826087 0.5040257648953301 0.2907608695652174 0.48711755233494364 0.2807971014492754 0.4855072463768116 0.27807971014492755 0.4822866344605475 0.27943840579710144 0.4694041867954911 0.286231884057971 0.46537842190016104 0.2930253623188406 0.45491143317230276 0.3229166666666667 0.44605475040257647 0.5339673913043478 0.44847020933977455 0.5973731884057971 0.4524959742351047
0 0.33226349083129814 0.46044625250235033 0.32901163168096303 0.4594260613963629 0.32575977253062793 0.45704561548239214 0.32499462920113736 0.45704561548239214 0.3226991992126655 0.4584058702903754 0.3219340558831749 0.4645270169263003 0.3242294858716467 0.4669074628402711 0.32518591503350996 0.4669074628402711 0.3278639166867271 0.4713282909662168 0.3320722049989255 0.4713282909662168 0.3328373483284161 0.46588727173428357 0.3328373483284161 0.4628266984163211
0 0.3531136465599172 0.4675875902442627 0.35311364655991734 0.46044625250235033 0.3492879299124642 0.46010618880035453 0.34450578410314797 0.4584058702903754 0.34565349909738385 0.4618065073103337 0.34393192660602995 0.467247526542267 0.34201906828230344 0.47064816356222516 0.34852278658297364 0.47302860947619596 0.35081821657144546 0.47064816356222516
0 0.37817209060073476 0.4669074628402711 0.3743463739532818 0.4624866347143253 0.3689903706468475 0.4607863162043461 0.3632517956756679 0.45738567918438794 0.3678426556526116 0.4662273354362794 0.3640169390051586 0.4699680361582335 0.3686077989821022 0.47302860947619596 0.37090322897057404 0.4740488005821834 0.375302803115145 0.47234848207220426
0 0.39825710299986333 0.46860778135025016 0.39806581716749073 0.47234848207220426 0.3944313863524103 0.47642924649615426 0.38831023971648554 0.4740488005821834 0.3850583805661504 0.47302860947619596 0.390223098040212 0.4703080998602293 0.3890753830459761 0.464867080628296 0.3900318122078393 0.4618065073103336 0.39232724219631115 0.463166762118317
0 0.4189159728961098 0.46928790875424187 0.4164292570752654 0.4733686731781918 0.41241225459543973 0.47710937390014596 0.4091603954451047 0.47438886428417926 0.4076301087861234 0.47234848207220426 0.4074388229537508 0.47030809986022937 0.40992553877459526 0.465207144330292 0.41088196793645854 0.4648670806282961
0 0.44148770111608293 0.46792765394625857 0.4376619844686299 0.47200841837020846 0.4338362678211769 0.4760891827941584 0.4290541220118605 0.47370873688018766 0.42694997785576133 0.4696279724562377 0.43001055117372383 0.467247526542267 0.43020183700609643 0.4628266984163211 0.43134955200033237 0.46146644360833783
0 0.4600424268562303 0.4675875902442627 0.45717313937064047 0.470988227264221 0.45487770938216865 0.47506899168817096 0.45162585023183355 0.47506899168817096 0.4499042777404797 0.4747289279861751 0.44894784857861647 0.47302860947619596 0.45086070690234303 0.46928790875424187 0.45181713606420626 0.4669074628402711 0.45181713606420626 0.4638468895223087 0.4544951377174234 0.4624866347143253
0 0.48280544090857597 0.46656739913827516 0.4805100109201042 0.46792765394625857 0.47611043677553316 0.4760891827941584 0.4741975784518066 0.4699680361582335 0.4697980043072357 0.4703080998602293 0.4711370051338442 0.4669074628402711 0.47285857762519806 0.4628266984163211 0.47171086263096207 0.4597661250983587 0.4774494376021417 0.4607863162043461 0.47993615342298623 0.46384688952230857
0 0.5042294541343132 0.46758759024426283 0.5002124516544875 0.47302860947619596 0.49849087916313356 0.47370873688018755 0.49734316416889757 0.47064816356222516 0.49409130501856247 0.4716683546682126 0.49256101835958127 0.47234848207220426 0.4931348758566993 0.4682677176482543 0.49447387668330783 0.46350682582031283 0.49409130501856247 0.46146644360833783 0.4986821649955062 0.463166762118317
0 0.5237406090363237 0.4648670806282961 0.5233580373715785 0.4726885457742001 0.520297464053616 0.4747289279861751 0.5176194624003989 0.4713282909662168 0.5155153182442996 0.4706481635622252 0.514750174914809 0.46792765394625857 0.514750174914809 0.4641869532243044 0.5137937457529458 0.4607863162043461 0.5181933198975167 0.4618065073103336 0.5210626073831066 0.463166762118317
0 0.5459297655915514 0.4696279724562377 0.5442081931001976 0.47302860947619596 0.5403824764527445 0.47370873688018766 0.5378957606319 0.4713282909662168 0.534643901481565 0.4726885457742001 0.5342613298168196 0.4699680361582335 0.5352177589786828 0.4655472080322877 0.5350264731463104 0.4628266984163211 0.5348351873139376 0.46044625250235033 0.5401911906203719 0.4628266984163211 0.5424866206088438 0.46418695322430453
0 0.567162492984916 0.47506899168817096 0.5627629188403449 0.47778950130413755 0.5612326321813637 0.4794898198141167 0.5595110596900098 0.47574911909216255 0.5554940572101841 0.47676931019815 0.5533899130540849 0.4740488005821835 0.557789487198656 0.4699680361582335 0.5574069155339106 0.4669074628402711 0.5593197738576372 0.4641869532243044 0.5633367763374629 0.4655472080322877
0 0.5904993645343797 0.47914975611212085 0.5845695037308274 0.4805100109201042 0.5824653595747282 0.4767693101981501 0.5790222145920204 0.4767693101981501 0.5767267846035486 0.47778950130413755 0.5776832137654118 0.47574911909216255 0.580361215418629 0.47200841837020846 0.579787357921511 0.46792765394625857 0.5799786437538836 0.465207144330292 0.5874387912164172 0.4733686731781918
0 0.6065673744536825 0.47234848207220426 0.604654516129956 0.4720084183702085 0.6035068011357201 0.47166835466821266 0.600828799482503 0.4774494376021417 0.6012113711472481 0.4815302020260917 0.6033155153033473 0.48187026572808744 0.6044632302975832 0.48255039313207915 0.6077150894479183 0.47778950130413744