1 0.4895833333333333 0.28743961352657005 0.6693840579710145 0.28743961352657005 0.7264492753623188 0.29066022544283415 0.7653985507246377 0.29790660225442833 0.7839673913043478 0.30676328502415456 0.7966485507246377 0.3164251207729469 0.8034420289855072 0.3276972624798712 0.8057065217391305 0.3397745571658615 0.8070652173913043 0.38164251207729466 0.8043478260869565 0.4307568438003221 0.8079710144927537 0.4573268921095008 0.8088768115942029 0.4919484702093398 0.8057065217391305 0.5136876006441223 0.7993659420289855 0.5305958132045089 0.7930253623188406 0.5813204508856683 0.7894021739130435 0.5958132045088567 0.78125 0.6127214170692431 0.7730978260869565 0.6215780998389694 0.7481884057971014 0.6312399355877617 0.7083333333333334 0.6296296296296297 0.6340579710144928 0.6175523349436393 0.529891304347826 0.6159420289855072 0.4388586956521739 0.6223832528180354 0.39266304347826086 0.6127214170692431 0.38903985507246375 0.606280193236715 0.3854166666666667 0.5893719806763285 0.38632246376811596 0.5684380032206119 0.38179347826086957 0.5426731078904992 0.38269927536231885 0.4895330112721417 0.375 0.40660225442834136 0.37681159420289856 0.3462157809983897 0.3813405797101449 0.3196457326892109 0.389945652173913 0.3035426731078905 0.39402173913043476 0.30112721417069244 0.4180253623188406 0.30112721417069244 0.452445652173913 0.2914653784219002
0 0.40351650383160736 0.3329952441030655 0.41058479910738 0.33188649190294434 0.41120847221994816 0.3134072885675911 0.40601119628188004 0.3171031292346618 0.4010218113813347 0.32301647430197483
0 0.43615539672267506 0.3097114479005204 0.426384517959107 0.32042938583502534 0.42783975522176615 0.32966898750270196 0.4326212490847888 0.3311473237695302 0.43428437738497055 0.3270818990357525 0.43698696087276595 0.32671231496904546 0.43865008917294773 0.3189510495681971 0.4367790698352433 0.31747271330136884 0.43657117879772056 0.307124359433571
0 0.45320246179953844 0.31118978416734866 0.4552813721747657 0.32042938583502534 0.46027075707531107 0.3233860583686819 0.46380490471319735 0.3167335451679547 0.4683785075386973 0.31303770450088403 0.46526014197585647 0.3001022621661367 0.4613102122629247 0.3100810319672275
0 0.4833466622403334 0.30453727096662153 0.4850097905405153 0.31303770450088403 0.48999917544106053 0.3178422973680759 0.49353332307894693 0.31451604076771233 0.49665168864178777 0.3063851913001569 0.4956122334541742 0.30047184623284384
0 0.5124514074935148 0.30823311163369216 0.5259643249324918 0.2971455896324802 0.5265879980450601 0.3060156072334498 0.5282511263452419 0.3063851913001569 0.52658799804506 0.3178422973680759 0.5191039206942419 0.3163639611012476 0.5168171192814919 0.3134072885675911 0.5128671895685603 0.31192895230076284
0 0.542387716896787 0.3078635275669851 0.5534059418854915 0.29936309403272265 0.5521585956603552 0.3104506160339346 0.550703358397696 0.31747271330136884 0.5444666272720143 0.31747271330136884 0.5434271720844007 0.31303770450088403
0 0.5681662055496048 0.3086026957003993 0.5754423918629001 0.30416768689991447 0.5856290527015137 0.3015805984329651 0.5835501423262863 0.31155936823405583 0.5777291932756501 0.3134072885675911 0.5771055201630819 0.3156247929678335 0.5723240263000593 0.31377687263429815
0 0.6005972074031497 0.30712435943357097 0.6151495800297405 0.3030589346997933 0.6136943427670815 0.30897227976710634 0.6136943427670815 0.3141464567010052 0.6068339385288316 0.31821188143478296 0.6043392460785589 0.3196902177016112 0.6005972074031497 0.3148856248344194
0 0.6290782795437629 0.31082020010064165 0.6419675238701719 0.3067547753668639 0.6434227611328309 0.31488562483441934 0.6444622163204446 0.31747271330136884 0.6376018120821947 0.3196902177016112 0.6357307927444902 0.32486439463551015 0.6324045361441266 0.32375564243538896 0.6299098436938539 0.31562479296783347
0 0.655480441309149 0.31118978416734866 0.675022198836285 0.3026893506330862 0.6731511794985805 0.3122985363674699 0.6692012497856488 0.3159943770345406 0.6683696856355578 0.31858146550149 0.662964518659967 0.3207989699017324 0.6602619351721716 0.31858146550149 0.6583909158344671 0.31192895230076284
0 0.6891587893878303 0.3137768726342982 0.6987217771138755 0.3082331116336922 0.6980981040013073 0.3148856248344194 0.6999691233390118 0.3171031292346618 0.7001770143765347 0.32486439463551015 0.6922771549506711 0.3267123149690454 0.6901982445754438 0.3196902177016112
0 0.7145214959656025 0.31747271330136884 0.730736996892375 0.31082020010064165 0.729281759629716 0.31858146550149 0.7207582270912843 0.32375564243538896 0.7170161884158752 0.32264689023526777
0 0.7434183501812612 0.3219077221018536 0.7481998440442839 0.31821188143478296 0.7598417421455563 0.31747271330136884 0.7594259600705109 0.3263427309023384 0.7550602482825337 0.3300385715694091 0.747368279894193 0.3289298193692879