1 0.5688405797101449 0.28502415458937197 0.7468297101449275 0.2922705314009662 0.7762681159420289 0.30193236714975846 0.7961956521739131 0.3164251207729469 0.8034420289855072 0.33011272141706927 0.8052536231884058 0.34057971014492755 0.8066123188405797 0.38486312399355876 0.8043478260869565 0.40982286634460546 0.8043478260869565 0.43800322061191627 0.8061594202898551 0.4557165861513688 0.8066123188405797 0.4975845410628019 0.8048007246376812 0.5120772946859904 0.7984601449275363 0.5314009661835749 0.7898550724637681 0.5813204508856683 0.7830615942028986 0.6038647342995169 0.7726449275362319 0.6207729468599034 0.7653985507246377 0.6280193236714976 0.7432065217391305 0.6360708534621579 0.6997282608695652 0.6344605475040258 0.6286231884057971 0.6215780998389694 0.5140398550724637 0.6191626409017713 0.45018115942028986 0.6264090177133655 0.42391304347826086 0.6264090177133655 0.391304347826087 0.6207729468599034 0.384963768115942 0.5950080515297906 0.3854166666666667 0.5660225442834138 0.3808876811594203 0.5322061191626409 0.38269927536231885 0.4943639291465378 0.3754528985507246 0.4114331723027375 0.37681159420289856 0.3389694041867955 0.3808876811594203 0.3164251207729469 0.3908514492753623 0.30193236714975846 0.4008152173913043 0.29871175523349436 0.41847826086956524 0.3003220611916264 0.44429347826086957 0.2922705314009662 0.48278985507246375 0.286634460547504
0 0.41231589519680284 0.31190794079736434 0.4012402545443857 0.3204104528133614 0.40249885007306946 0.3302554667266211 0.4032540073902797 0.3360729749480927 0.4100504232451721 0.3311504679914629
0 0.4354740529245842 0.3083279357379972 0.42641216511806107 0.3208579534457823 0.42867763706969186 0.33159796862388374 0.434718895607374 0.3284654641969375 0.4382429630876885 0.3284654641969375 0.44176703056800304 0.322200455343045 0.435725772030321 0.31638294712157333
0 0.46618378382446823 0.30251042751652557 0.4546047049605775 0.3083279357379972 0.4548564240663143 0.3208579534457823 0.45712189601794506 0.3181729496512569 0.4596390870753126 0.3253329597699912 0.4641700309785742 0.3181729496512569 0.47096644683346645 0.31683044775399427
0 0.4933694472440376 0.3002729243544211 0.4833006830145674 0.3051954313110509 0.4825455256973573 0.31459294459188974 0.4873281887063555 0.3181729496512569 0.49185913260961717 0.31593544648915245 0.4953832000899317 0.31638294712157333 0.4953832000899317 0.30922293700283904
0 0.5253377736726054 0.2989304224571584 0.5107380655398737 0.3060904325758927 0.5112415037513471 0.3123554414297853 0.5190447960291866 0.31683044775399427 0.5243308972496584 0.3154879458567315 0.5296169984701301 0.31280294206220616 0.5283584029414464 0.3087754363704181 0.5240791781439217 0.3069854338407345
0 0.5512648415634909 0.29982542372200016 0.5429581110741781 0.3060904325758927 0.5399374818053371 0.3060904325758927 0.5401892009110739 0.30967043763525987 0.545223583025809 0.3141454439594688 0.5459787403430192 0.32175295471062415 0.5520199988807013 0.31862045028367786 0.5532785944093851 0.31548794585673157 0.5583129765241203 0.3150404452243107 0.5573061001011731 0.3069854338407345
0 0.5865055163666364 0.3002729243544211 0.5751781566084826 0.3043004300462091 0.5676265834363801 0.31056543890010163 0.574926437502746 0.3159354464891524 0.5812194151461647 0.31146044016494345 0.5844917635207427 0.31548794585673157 0.5882675501067939 0.31101293953252257 0.5857503590494263 0.3083279357379972
0 0.6136911797862059 0.30161542625168375 0.6003500671821579 0.31146044016494345 0.6021121009223153 0.31906795091609874 0.6094119549886812 0.3172779483864151 0.6119291460460486 0.31146044016494345
0 0.641128562311512 0.3038529294137882 0.6255219777558334 0.31280294206220616 0.6333252700336728 0.32264795597546586 0.6373527757254609 0.31772544901883604 0.6426388769459328 0.31548794585673157
0 0.6748589224802372 0.3016154262516838 0.6549731131270337 0.3123554414297853 0.6612660907704525 0.3190679509160987 0.665797034673714 0.3230954566078868 0.6708314167884492 0.31548794585673157
0 0.6980170802080186 0.30474793067863004 0.6854311249211809 0.3132504426946271 0.6932344171990202 0.3195154515485196 0.695499889150651 0.3253329597699912 0.7015411476883331 0.32488545913757033 0.7000308330539124 0.31548794585673157 0.6970102037850715 0.3141454439594688
0 0.7294819684251127 0.31146044016494345 0.7126167883407503 0.3150404452243107 0.7156374176095914 0.32264795597546586 0.7216786761472734 0.3253329597699912 0.725202743627588 0.3204104528133614 0.7292302493193761 0.3186204502836778
0 0.7596882611135232 0.3159354464891524 0.7443333956635813 0.3190679509160987 0.7430748001348975 0.32264795597546586 0.7483609013553694 0.32980796609420016 0.7498712159897899 0.3374154768453554 0.7538987216815779 0.3271229622996748 0.7574227891618925 0.32578046040241215