1 0.4429347826086957 0.37681159420289856 0.5846920289855072 0.38164251207729466 0.6598731884057971 0.39371980676328505 0.6711956521739131 0.3993558776167472 0.6779891304347826 0.40660225442834136 0.6843297101449275 0.4178743961352657 0.6875 0.43156199677938806 0.6875 0.4444444444444444 0.6852355072463768 0.4557165861513688 0.6870471014492754 0.5249597423510467 0.6816123188405797 0.5652173913043478 0.6734601449275363 0.604669887278583 0.6752717391304348 0.6207729468599034 0.6825181159420289 0.6336553945249598 0.6820652173913043 0.643317230273752 0.6739130434782609 0.6578099838969405 0.6702898550724637 0.6690821256038647 0.6698369565217391 0.6924315619967794 0.667572463768116 0.7020933977455717 0.6594202898550725 0.711755233494364 0.6517210144927537 0.7085346215780999 0.6082427536231884 0.7125603864734299 0.4750905797101449 0.7085346215780999 0.3663949275362319 0.7181964573268921 0.3170289855072464 0.715780998389694 0.30117753623188404 0.7093397745571659 0.28804347826086957 0.6835748792270532 0.28396739130434784 0.6682769726247987 0.27807971014492755 0.6578099838969405 0.26268115942028986 0.6078904991948471 0.2558876811594203 0.5507246376811594 0.25 0.5249597423510467 0.2441123188405797 0.48389694041867953 0.2441123188405797 0.4420289855072464 0.24818840579710144 0.42673107890499196 0.25317028985507245 0.4170692431561997 0.2658514492753623 0.40418679549114334 0.2921195652173913 0.391304347826087 0.3170289855072464 0.3864734299516908
0 0.3024212031779183 0.4194202833417472 0.2944627504627099 0.4266516675372945 0.2900413878431497 0.43042456363931925 0.2826134986422886 0.4338830517328419 0.2808449535944645 0.42413640346927806 0.27872269953707557 0.41470416321421627 0.28438204369011266 0.40464310694215033 0.2900413878431497 0.40652955499316273 0.2893339698240201 0.413446531180208 0.29888411308227014 0.41376093918871004 0.30242120317791826 0.4194202833417472
0 0.339229436065649 0.41721942728223277 0.3307404198360934 0.4203635073672533 0.32561163919740355 0.4257084435117883 0.31924487702523685 0.42193554740976363 0.31765318648219515 0.4159617952482246 0.3176531864821952 0.40558633096765656 0.3204828585587137 0.40873041105267716 0.3273801842452276 0.408101595035673
0 0.36151310366823247 0.408101595035673 0.355676905010413 0.4090448190611792 0.3510786878860704 0.408101595035673 0.3505481243717231 0.40464310694215033 0.3450656347234685 0.402756658891138 0.3477184522952046 0.4109312671121916 0.3494869973430287 0.4244508114777801 0.3523166694195472 0.4247652194862821
0 0.3959997321008021 0.4068439630016648 0.3889255519095058 0.41187449113769775 0.38521160730907517 0.4143897552057142 0.38185137171820943 0.41784824329923687 0.37831428162256125 0.41156008312919573 0.37831428162256125 0.40024139482312154 0.38096709919429733 0.4030710668996401 0.38255878973733903 0.4068439630016648 0.390340387947765 0.40275665889113804
0 0.4255344343994643 0.408101595035673 0.41828339970338557 0.41218889914619977 0.4151000186173022 0.41564738723972244 0.41085551050252433 0.41564738723972244 0.40961752896904746 0.4099880430866854 0.4101480924833947 0.3980405387636071 0.41120921951208916 0.39458205067008445 0.415453727626867 0.3983549467721092 0.4246501618755522 0.40244225088263597
0 0.4529243867477479 0.40841600304417514 0.4433742434894978 0.4162762032567265 0.4405445714129793 0.4140753471972122 0.4400140078986321 0.408101595035673 0.4405445714129793 0.4030710668996401 0.44284367997515056 0.3948964586785865 0.44903358764253487 0.4005558028316237
0 0.48794157869466476 0.40590073897615864 0.4732626547977248 0.4150185712227184 0.4709635462355536 0.4099880430866854 0.4691950011877294 0.40873041105267716 0.47078669173077103 0.3958396827040927 0.47768401741728506 0.3986693547806113 0.4851119066181461 0.4008702108401257
0 0.5171225719837621 0.4074727790186689 0.5119937913450722 0.412817715163204 0.5079261377350768 0.4175338352907348 0.5047427566489936 0.4194202833417472 0.501028812048563 0.4112456751206936 0.503681629620299 0.40652955499316273 0.5040353386298639 0.40087021084012564 0.5056270291729056 0.3955252746955907 0.5077492832302944 0.3986693547806113 0.513231772878549 0.4008702108401257
0 0.5470109832919892 0.407787187027171 0.5390525305767807 0.4143897552057142 0.532685768404614 0.41376093918871004 0.5300329508328779 0.41061685910368945 0.5325089138998316 0.40715837101016683 0.5346311679572205 0.4052719229591545 0.5351617314715678 0.4014990268571298 0.5341006044428732 0.3961540907125948 0.5397599485959104 0.39709731473810095 0.5448887292346002 0.4036998829166442
0 0.5776068126193458 0.40967363507818333 0.5698252144089198 0.41910587533324506 0.5661112698084892 0.41596179524822446 0.5634584522367531 0.41187449113769775 0.5643427247606652 0.4024422508826359 0.5648732882750124 0.3983549467721092 0.5675261058467485 0.39709731473810095 0.5710631959423967 0.4011846188486277 0.5767225400954338 0.40212784287413383
0 0.6103248960040913 0.41690501927373075 0.5997136257171468 0.42602285152029035 0.5968839536406283 0.41690501927373075 0.5952922630975866 0.41376093918871015 0.5958228266119339 0.4062151469846607 0.5981219351741052 0.4002413948231216 0.6009516072506237 0.4068439630016648 0.6083794964514848 0.4099880430866854
0 0.6366762172166702 0.4275948915628008 0.6304863095492859 0.43262541969883367 0.6251806744058136 0.42916693160531105 0.6237658383675544 0.4228787714352698 0.6237658383675544 0.4181626513077389 0.6276566374727673 0.4131321231717059 0.629248328015809 0.4112456751206936 0.6357919446927581 0.4150185712227183 0.6352613811784109 0.4231931794437719
0 0.6577219032857767 0.41721942728223277 0.649586596065786 0.41721942728223277 0.652239413637522 0.4238219954607759 0.6529468316566517 0.4269660755457965 0.6527699771518692 0.43262541969883367 0.6571913397714295 0.43639831580085836 0.6603747208575129 0.4370271318178625 0.6619664114005546 0.43073897164782127 0.6609052843718601 0.42507962749478423 0.6582524668001241 0.41879146732474304