1 0.44972826086956524 0.37681159420289856 0.5593297101449275 0.3776167471819646 0.6105072463768116 0.3824476650563607 0.6571557971014492 0.391304347826087 0.667572463768116 0.3961352657004831 0.6793478260869565 0.40660225442834136 0.6838768115942029 0.4146537842190016 0.6879528985507246 0.42914653784219003 0.6865942028985508 0.464573268921095 0.6897644927536232 0.5120772946859904 0.6829710144927537 0.57085346215781 0.676177536231884 0.606280193236715 0.6766304347826086 0.6207729468599034 0.6811594202898551 0.6336553945249598 0.6811594202898551 0.644122383252818 0.6707427536231884 0.6682769726247987 0.6693840579710145 0.7012882447665056 0.6616847826086957 0.7085346215780999 0.6431159420289855 0.7077294685990339 0.6114130434782609 0.714170692431562 0.4882246376811594 0.710950080515298 0.3374094202898551 0.717391304347826 0.3125 0.714975845410628 0.30117753623188404 0.7101449275362319 0.27717391304347827 0.6570048309178744 0.26268115942028986 0.6078904991948471 0.25769927536231885 0.5555555555555556 0.25 0.5257648953301127 0.2441123188405797 0.4782608695652174 0.2441123188405797 0.4428341384863124 0.2504528985507246 0.42028985507246375 0.26856884057971014 0.40177133655394526 0.286231884057971 0.392109500805153 0.30344202898550726 0.38727858293075684 0.37907608695652173 0.37922705314009664
0 0.3036662588915865 0.41755898793141494 0.2896876788335849 0.4103653326968879 0.28177874537971564 0.4149431133006779 0.28196267406468933 0.4208288312198364 0.28435374696934756 0.42377169017941574 0.28453767565432125 0.42998439242741643 0.28361803222945275 0.4342351887023642 0.28527339039421606 0.43717804766194346
0 0.3362216361319323 0.41788597226025714 0.32978413215785257 0.41134628568341425 0.32205912738895703 0.40873041105267716 0.31654126683974587 0.40644152075078216 0.3161734094697985 0.41167327001225645 0.3172769815796406 0.41788597226025714 0.31525376604492994 0.4201748625621521 0.3216912700190096 0.4201748625621521 0.32334662818377297 0.4247526431659421 0.32518591503350996 0.42573359615246853
0 0.36436272493290905 0.4087304110526772 0.35645379147903977 0.41003834836804576 0.3507520022448549 0.40938437971036146 0.34744128591532825 0.4057875520930979 0.34762521460030193 0.41200025434109866 0.34891271539511787 0.4188669252467836 0.3487287867101442 0.42311772152173144 0.35203950303967085 0.4247526431659422
0 0.3958145300634126 0.408403426723835 0.3901127408292278 0.40546056776425576 0.3869859531846747 0.40676850507962437 0.3822038073753585 0.40644152075078216 0.3805484492105951 0.4028446931335186 0.37760559025101587 0.40219072447583437 0.37926094841577906 0.41363517598530936 0.3788930910458317 0.41984787823331 0.38293952211525323 0.4185399409179414 0.3853305950199114 0.41559708195836215
0 0.42616276308407386 0.4077494580661508 0.4219324033296787 0.40251770880467647 0.41917347305507313 0.3995748498450972 0.4153109706706253 0.4015367558181501 0.41144846828617754 0.4015367558181501 0.4112645396012038 0.40905739538151925 0.40960918143644043 0.4162510506160464 0.41291989776596716 0.4201748625621521
0 0.4539359945151033 0.4064415207507822 0.4471306331710762 0.4015367558181501 0.44473956026641803 0.3982669125297286 0.44271634473170735 0.4015367558181501 0.4403252718270491 0.40938437971036146 0.4421645586767862 0.4162510506160465 0.4532002797752085 0.40676850507962437
0 0.48722708649534385 0.4051335834354136 0.47766279487671115 0.41298120732762506 0.4745360072321582 0.41330819165646715 0.47232886301247373 0.41101930135457215 0.46754671720315744 0.40905739538151936 0.4697538614228419 0.4005558028316237 0.47104136221765786 0.3940161162547808 0.47582350802697415 0.39695897521436 0.4791342243565008 0.40022881850278147
0 0.5184949629408737 0.4041526304488872 0.5137128171315574 0.4021907244758343 0.5092985286921884 0.4005558028316237 0.505803883677688 0.3969589752143601 0.503228882088056 0.3969589752143601 0.5039645968279509 0.4041526304488872 0.5039645968279509 0.40938437971036146 0.502677096033135 0.41265422299878285 0.5067235271025565 0.4162510506160464 0.5118735302818203 0.41036533269688785 0.5179431768859525 0.4080764423949929
0 0.5486592672765613 0.4041526304488872 0.5422217633024815 0.3989208811874129 0.5389110469729549 0.396631990885518 0.5335771151087174 0.3959780222278336 0.5341289011636385 0.4025177088046765 0.5330253290537963 0.40742247373730855 0.5304503274641644 0.40938437971036146 0.533761043793691 0.4146161289718357 0.539462833027876 0.4165780349448886 0.5429574780423764 0.4103653326968879 0.5446128362071397 0.408403426723835
0 0.5795592863521437 0.40382564612004507 0.5707307094734058 0.4005558028316237 0.5657646349791158 0.3963050065566758 0.564293205499326 0.39990183417393943 0.5635574907594313 0.4070954894084665 0.5644771341842998 0.41690501927373075 0.5698110660485373 0.4178859722602571 0.5771682134474855 0.4126542229987829
0 0.6100914480577786 0.4103653326968879 0.6019985859189355 0.40905739538151936 0.5975842974795668 0.40284469313351867 0.5953771532598823 0.4048065991065715 0.594825367204961 0.4100383483680458 0.5985039409044351 0.42344470585057353 0.601078942494067 0.42180978420636284 0.6065968030432781 0.4182129565890993
0 0.6356575352691236 0.4182129565890993 0.6290361026100703 0.41330819165646715 0.6270128870753594 0.4097113640392036 0.6246218141707013 0.41559708195836215 0.6235182420608589 0.42279073719288923 0.6246218141707012 0.4286764551120479 0.6290361026100701 0.4316193140716271 0.6356575352691235 0.42704153346783713
0 0.6592004069457579 0.4182129565890993 0.6564414766711522 0.4162510506160464 0.6516593308618359 0.4162510506160464 0.6485325432172828 0.42148279987752074 0.6531307603416254 0.4247526431659421 0.652762902971678 0.4306383610851007 0.6617754085353896 0.4384859849773121 0.6619593372203633 0.42834947078320573