1 0.453804347826087 0.37600644122383253 0.5534420289855072 0.37600644122383253 0.613677536231884 0.38164251207729466 0.6585144927536232 0.3896940418679549 0.6766304347826086 0.40418679549114334 0.6838768115942029 0.4178743961352657 0.6875 0.43478260869565216 0.686141304347826 0.4774557165861514 0.6879528985507246 0.5185185185185185 0.6766304347826086 0.6095008051529791 0.677536231884058 0.6465378421900161 0.6716485507246377 0.6690821256038647 0.6707427536231884 0.6892109500805152 0.6680253623188406 0.7004830917874396 0.6598731884057971 0.7077294685990339 0.6444746376811594 0.7061191626409018 0.6163949275362319 0.711755233494364 0.5303442028985508 0.7077294685990339 0.44067028985507245 0.7093397745571659 0.3546195652173913 0.7206119162640902 0.317481884057971 0.71658615136876 0.3029891304347826 0.7101449275362319 0.28940217391304346 0.6835748792270532 0.27853260869565216 0.6545893719806763 0.2644927536231884 0.607085346215781 0.25815217391304346 0.5507246376811594 0.25 0.5104669887278583 0.24682971014492755 0.4830917874396135 0.24728260869565216 0.4444444444444444 0.2509057971014493 0.4307568438003221 0.2667572463768116 0.4057971014492754 0.2875905797101449 0.392109500805153 0.3029891304347826 0.3864734299516908 0.3423913043478261 0.38164251207729466
0 0.3019356577042442 0.4167383649467657 0.2823329820011733 0.40899409800234265 0.2896839853898249 0.42109451510300366 0.28532783523358696 0.4351309989397704
0 0.3318841900283802 0.4191584483668978 0.3144595894034284 0.4031858977940253 0.3179989614053717 0.41867443168287144 0.3150041081729581 0.42109451510300366 0.32208285217684485 0.4244826318911887 0.3212660740225502 0.4341629655717176
0 0.3612882035829866 0.4104461480544219 0.3506700875771565 0.4075420479502633 0.34985330942286186 0.41528631489468637 0.34740297495997796 0.42254656515508293 0.3506700875771565 0.4273867319953474
0 0.3925980328309469 0.409478114686369 0.3784405448231735 0.401733847741946 0.3759902103602896 0.4031858977940253 0.37871280420793846 0.4249666485752152 0.38497477005753045 0.41480229821065995
0 0.4258136777722614 0.4080260646342897 0.41274522730354757 0.39544163084960227 0.41247296791878263 0.4070580312662368 0.40893359591683925 0.41577033157871274
0 0.45140605994015953 0.4080260646342897 0.44432731593627284 0.39689368090168153 0.4405156845495645 0.4065740145822104 0.4421492408581538 0.4177063983148186
0 0.486799779959593 0.40560598121415753 0.4756371451842332 0.3993137643218138 0.47209777318228974 0.3930215474294701 0.46964743871940606 0.4031858977940253 0.471825513797525 0.41238221479052767 0.4769984421080576 0.413834264842607
0 0.5153870153599046 0.40608999789818395 0.5039521211997801 0.39786171426973443 0.5036798618150151 0.40802606463428975 0.5023185648911908 0.41093016473844834 0.508036011971253 0.41528631489468637
0 0.5464245852231001 0.40560598121415753 0.5377122849106243 0.39786171426973443 0.5355342098325052 0.40608999789818395 0.5311780596762673 0.4104461480544219 0.5358064692172702 0.4172223816307921
0 0.5782789332405903 0.40608999789818395 0.5654827421566414 0.3988297476377874 0.5633046670785223 0.4070580312662368 0.5641214452328169 0.4162543482627392 0.5684775953890548 0.4191584483668978 0.5752840800081767 0.41189819810650125
0 0.6093165031037858 0.413834264842607 0.6084997249494912 0.4104461480544219 0.6008764621760748 0.40996213137039544 0.5986983870979558 0.39979778100584024 0.5957035338655422 0.4031858977940253 0.5962480526350719 0.4181904149988451 0.6016932403303693 0.4235145985231359
0 0.6381759978888624 0.4235145985231358 0.6354534040412138 0.41528631489468637 0.6267411037287377 0.4075420479502633 0.6256520661896782 0.4172223816307921 0.6240185098810891 0.4206104984189772 0.6240185098810891 0.4264186986272944 0.6294636975763864 0.43174288215158535
0 0.6553283391290494 0.413834264842607 0.6523334858966358 0.4167383649467657 0.6531502640509304 0.4327109155196382 0.6602290080548171 0.43706706567587617 0.6613180455938766 0.4264186986272945 0.6596844892852874 0.4196424650509243