1 0.6702898550724637 0.27938808373590984 0.6734601449275363 0.28019323671497587 0.6757246376811594 0.2890499194847021 0.6698369565217391 0.32930756843800324 0.6693840579710145 0.3711755233494364 0.6730072463768116 0.43397745571658614 0.677536231884058 0.45491143317230276 0.6739130434782609 0.4782608695652174 0.6707427536231884 0.48470209339774556 0.6603260869565217 0.48711755233494364 0.5751811594202898 0.48470209339774556 0.519927536231884 0.49114331723027377 0.4642210144927536 0.49114331723027377 0.411231884057971 0.4967793880837359 0.36277173913043476 0.5072463768115942 0.35190217391304346 0.5056360708534622 0.34692028985507245 0.4927536231884058 0.3451086956521739 0.4822866344605475 0.34556159420289856 0.46859903381642515 0.35144927536231885 0.4573268921095008 0.3546195652173913 0.44363929146537845 0.358695652173913 0.3309178743961353 0.3663949275362319 0.3164251207729469 0.36820652173913043 0.2995169082125604 0.370018115942029 0.29790660225442833 0.3795289855072464 0.29790660225442833 0.389945652173913 0.3035426731078905 0.4895833333333333 0.30676328502415456 0.6458333333333334 0.2914653784219002 0.6630434782608695 0.286634460547504
0 0.3916118755537847 0.3108064477167367 0.38778816318059883 0.3111840983214958 0.3878943774131873 0.316093556183364 0.38959380513460323 0.31722650799764135 0.3915056613211962 0.32156948995237095 0.39426723136849706 0.3228912670690278 0.39511694522920504 0.31892593571905725 0.39416101713590856 0.3159047308809845 0.39224916094931567 0.31458295376432766 0.3917180897863732 0.3123170501357731
0 0.4060570111858201 0.3123170501357731 0.4032954411385193 0.31175057422863445 0.40329544113851923 0.31420530315956857 0.40403894076663865 0.3168488573928822 0.4055259400228776 0.3194924116261959 0.4055259400228776 0.32175831525475046 0.40818129583759005 0.32232479116188917 0.40934965239606347 0.3221359658595096 0.4091372239308865 0.31779298390477995 0.40849993853535554 0.3162823814857436 0.4072253677442936 0.31571590557860496 0.4072253677442936 0.3126947007405322
0 0.4176343625379662 0.3100511465072185 0.4160411490491388 0.3125058754381526 0.4175281483053777 0.31514942967146625 0.4192275760267936 0.3166600320905027 0.4199710756549131 0.3194924116261959 0.4200772898875016 0.3221359658595096 0.4211394322133866 0.32232479116188917 0.4230512883999795 0.3225136164642687 0.42379478802809895 0.32119183934761186 0.4234761453303335 0.31873711041667774 0.422945074167391 0.31496060436908674 0.42262643146962553 0.3123170501357731 0.4203959325852671 0.31042879711197763 0.4184840763986742 0.31023997180959806 0.4183778621660857 0.31023997180959806 0.4176343625379662 0.3096734959024594
0 0.4342037828217716 0.31307235134529127 0.4332478547284751 0.31628238148574356 0.4337789258914176 0.31835945981191865 0.4352659251476565 0.319870062230955 0.43505349668247956 0.32232479116188917 0.43590321054318754 0.32421304418568464 0.43696535286907245 0.32440186948806415 0.437708852497192 0.32402421888330507 0.4381337094275459 0.3206253634404732 0.4381337094275459 0.31760415860240043 0.43823992366013437 0.314016477857189 0.43643428170612997 0.31212822483339353 0.434734853984714 0.31250587543815267
0 0.45194155966405036 0.314016477857189 0.44907377538416104 0.3153382549738458 0.44843648998863 0.31760415860240043 0.4477992045930991 0.31892593571905725 0.4483302757560415 0.3196812369285755 0.449498632314515 0.3202477128357141 0.449711060779692 0.3225136164642687 0.449711060779692 0.3238353935809255 0.45013591771004596 0.3247795200928233 0.45151670273369643 0.32421304418568464 0.45300370198993534 0.3234577429761664 0.4535347731528778 0.32119183934761186 0.4535347731528778 0.3193035863238164 0.45289748775734684 0.31552708027622545
0 0.46691776645902827 0.3132611766476708 0.46564319566796636 0.31231705013577304 0.4640499821791389 0.31307235134529127 0.46266919715548854 0.31307235134529127 0.462138125992546 0.31458295376432766 0.46192569752736895 0.3164712067881231 0.4642624106443159 0.31760415860240043 0.4642624106443159 0.3202477128357141 0.46479348180725844 0.32308009237140733 0.46670533799385133 0.3234577429761664 0.4673426233893824 0.3225136164642687 0.4671301949242054 0.3187371104166777 0.4671301949242054 0.3164712067881231
0 0.4805131882303558 0.3125058754381526 0.47891997474152836 0.3136388272524299 0.4781764751134089 0.3153382549738459 0.4784951178111744 0.3196812369285755 0.47998211706741334 0.32024771283571407 0.4821064017191833 0.319870062230955 0.4832747582776568 0.319870062230955 0.4828499013473027 0.3155270802762254 0.4818939732540063 0.3142053031595685 0.4806194024629444 0.31345000195005035
0 0.4953831807927453 0.3115617489262549 0.4919843253499134 0.3153382549738458 0.4936837530713294 0.3181706345095391 0.4944272526994488 0.3202477128357141 0.4959142519556877 0.3204365381380937 0.4966577515838072 0.3196812369285755 0.49718882274674964 0.31609355618336404 0.4963391088860416 0.31288352604291175
0 0.5102531733551346 0.30872936939056167 0.5086599598663073 0.3100511465072185 0.5077040317730107 0.3109952730191163 0.5067481036797142 0.311939399531014 0.5077040317730108 0.3138276525548095 0.5084475314011303 0.3155270802762254 0.5085537456337187 0.3187371104166777 0.5096158879596038 0.319870062230955 0.5109966729832542 0.319870062230955 0.5130147434024357 0.3189259357190572 0.5132271718676126 0.316093556183364 0.5116339583787851 0.31193939953101396 0.5109966729832541 0.30967349590245935
0 0.5261853082434091 0.3104287971119776 0.5229988812657542 0.3108064477167367 0.5218305247072808 0.3132611766476708 0.5219367389398691 0.31609355618336404 0.5223615958702232 0.31628238148574356 0.5241672378242277 0.3166600320905027 0.5248045232197586 0.31609355618336404 0.5265039509411745 0.3159047308809845 0.526185308243409 0.3108064477167367
0 0.5389310161540286 0.3068411163667662 0.5363818745719047 0.30910701999532075 0.5361694461067278 0.3125058754381526 0.5372315884326127 0.3142053031595685 0.5383999449910862 0.31609355618336404 0.5388248019214401 0.31760415860240043 0.5392496588517941 0.31854828511429817 0.5409490865732101 0.31892593571905725 0.5416925862013294 0.31779298390477995 0.5423298715968605 0.31496060436908674 0.541798800433918 0.3108064477167367 0.5406304438754446 0.30872936939056167
0 0.554013437181595 0.3070299416691457 0.5517829382972367 0.3085405440881821 0.5521015809950022 0.31175057422863445 0.5534823660186525 0.3138276525548095 0.5541196514141835 0.3162823814857436 0.5573060783918384 0.3166600320905027 0.5575185068570154 0.3125058754381526 0.5557128649030111 0.309862321204839 0.5539072229490066 0.3074075922739048
0 0.5699455720698694 0.30759641757628436 0.566015645464095 0.30778524287866393 0.5671840020225685 0.3115617489262549 0.5693082866743385 0.31439412846194814 0.5709015001631659 0.31477177906670717 0.5718574282564625 0.31307235134529127 0.5712201428609314 0.30835171878580253
0 0.5864087781210863 0.3047640380405911 0.5838596365389624 0.3057081645524889 0.5825850657479005 0.3072187669715253 0.5825850657479004 0.3100511465072185 0.5842844934693164 0.31175057422863445 0.5852404215626129 0.31288352604291175 0.5875771346795597 0.3115617489262549 0.5873647062143827 0.3072187669715253
0 0.5975612725428784 0.3030646103191752 0.5964991302169934 0.30495286334297067 0.6000041998924138 0.3085405440881821 0.6002166283575908 0.30948467060007984 0.6002166283575908 0.3100511465072185 0.6010663422182987 0.31080644771673666 0.6026595557071261 0.31080644771673666 0.6035092695678341 0.308162893483423 0.6031906268700687 0.30514168864535024 0.6022346987767723 0.3011763572953797
0 0.6143431212918606 0.29966575487634334 0.6114753370119713 0.30268695971441606 0.6114753370119713 0.30495286334297067 0.6123250508726792 0.30627464045962755 0.6142369070592723 0.30778524287866393 0.6147679782222147 0.3089181946929412 0.6151928351525687 0.30948467060007984 0.6167860486413962 0.30646346576200706 0.6166798344088077 0.304008736831073 0.6159363347806882 0.3017428332025184 0.6151928351525687 0.3006098813882411
0 0.6309125415756661 0.29966575487634334 0.6294255423194273 0.30230930910965703 0.6285758284587193 0.30325343562155477 0.6252831872484759 0.30381991152869336 0.6243272591551794 0.3055193392501093 0.6273012576676572 0.3074075922739048 0.6278323288305997 0.308162893483423 0.6280447572957767 0.31061762241435714 0.6309125415756661 0.3111840983214958 0.6316560412037856 0.30948467060007984 0.6316560412037856 0.306085815157248 0.6317622554363741 0.30230930910965703
0 0.646950890696529 0.3000434054811024 0.6441893206492282 0.30230930910965703 0.6427023213929892 0.30381991152869336 0.6417463932996927 0.30476403804059116 0.6434458210211086 0.308162893483423 0.6436582494862856 0.30835171878580253 0.6455701056728785 0.30835171878580253 0.646738462231352 0.30646346576200706 0.6470571049291174 0.30325343562155477 0.6470571049291174 0.3015540079001388