1 0.6707427536231884 0.2785829307568438 0.6748188405797102 0.28180354267310787 0.6752717391304348 0.2882447665056361 0.6702898550724637 0.34057971014492755 0.6734601449275363 0.4476650563607085 0.6693840579710145 0.4782608695652174 0.6653079710144928 0.48470209339774556 0.6499094202898551 0.48711755233494364 0.5661231884057971 0.48389694041867953 0.5321557971014492 0.4887278582930757 0.46603260869565216 0.4895330112721417 0.416213768115942 0.4943639291465378 0.3686594202898551 0.5064412238325282 0.3532608695652174 0.5032206119162641 0.3500905797101449 0.46859903381642515 0.3555253623188406 0.44524959742351045 0.35688405797101447 0.427536231884058 0.3591485507246377 0.37359098228663445 0.358695652173913 0.33011272141706927 0.36096014492753625 0.3196457326892109 0.370018115942029 0.2995169082125604 0.43342391304347827 0.30676328502415456 0.5235507246376812 0.30434782608695654 0.6480978260869565 0.2922705314009662 0.6639492753623188 0.28743961352657005
0 0.39190225445732135 0.3090375559702911 0.38643500677307213 0.3108047471409575 0.38618649551469714 0.3169899162382899 0.3899141643903216 0.3172108151346233 0.3910324650530089 0.32339598423195576 0.39438736704107097 0.3225123886466225 0.394635878299446 0.31610632065295674 0.3921507657156963 0.3154436239639568
0 0.4078069749933192 0.31014205045195753 0.4022154716798824 0.3138973316896237 0.40470058426363203 0.3154436239639568 0.40557037366794446 0.3227332875429558 0.40867676439763156 0.3218496919576226 0.409298042543569 0.3156645228602901 0.4076827193641317 0.3156645228602901 0.4078069749933192 0.30970025265929096
0 0.420356793541255 0.30992115155562433 0.4158835908905056 0.3123510394152906 0.4161321021488806 0.3156645228602901 0.4179959365866928 0.31654811844562336 0.419859771024505 0.32317508533562245 0.42358743990012954 0.32118699526862265 0.4234631842709421 0.3134555338969571 0.42135083857475486 0.31279283720795714 0.41948700413694257 0.3092584548666243
0 0.43812534851506507 0.3130137361042905 0.43427342401025304 0.31323463500062376 0.4305457551346286 0.3156645228602901 0.43129128890975355 0.3183153096162898 0.4342734240102531 0.319198905201623 0.43514321341456547 0.32317508533562245 0.43874662666100245 0.3238377820246223
0 0.45291176838837555 0.31367643279329044 0.44794154322087615 0.31345553389695713 0.4476930319625012 0.3187571074089564 0.449681122029501 0.32450047871362225 0.4534087909051254 0.32405868092095563 0.45353304653431287 0.31632721954929005
0 0.46645563196981116 0.31345553389695713 0.4617339180606868 0.31213014051895727 0.4613611511731243 0.3169899162382899 0.4627279630941867 0.31743171403095655 0.46372200812768655 0.3220705908539559 0.46657988759899865 0.32074519747595615
0 0.4814905631014966 0.3123510394152906 0.47565054852968486 0.31610632065295674 0.4783841723718095 0.31897800630528966 0.48161481873068407 0.319198905201623
0 0.49577996045805717 0.30992115155562433 0.4900642015154329 0.31566452286029006 0.49242505846999507 0.31698991623829 0.49354335913268244 0.3200825007869562 0.49727102800830697 0.31787351182362317 0.49739528363749436 0.3150018261712902
0 0.5095723352978677 0.30837485928129116 0.5072114783433056 0.311246544933624 0.5088268015227428 0.3150018261712902 0.5089510571519305 0.3196407029942896 0.5116846809940548 0.3194198040979563 0.5124302147691799 0.31213014051895727
0 0.5269681233841155 0.30837485928129116 0.5208795975539287 0.31301373610429045 0.5229919432501159 0.3167690173419566 0.526098333979803 0.31610632065295674
0 0.5385238968985513 0.30594497142162475 0.5361630399439892 0.3123510394152906 0.5387724081569263 0.3180944107199565 0.5412575207406759 0.31743171403095655 0.5416302876282383 0.31146744382995734
0 0.5549256399512991 0.3074912636959579 0.5526890386259244 0.30837485928129116 0.551570737963237 0.3116883427262907 0.5536830836594242 0.3180944107199565 0.5567894743891112 0.31632721954929005 0.5570379856474863 0.3108047471409575
0 0.569836315453797 0.3055031736289582 0.5674754584992348 0.30970025265929096 0.5683452479035472 0.31522272506762355 0.5720729167791717 0.3150018261712902 0.5718244055207968 0.30970025265929096
0 0.58449847969792 0.304619578043625 0.5817648558557954 0.3083748592812911 0.58449847969792 0.31301373610429045 0.5873563591692321 0.31190924162262396 0.5873563591692321 0.3070494659032913
0 0.6004032002339179 0.2990971056352924 0.5972968095042308 0.3043986791472917 0.6002789446047304 0.31279283720795714 0.6031368240760424 0.31014205045195753 0.6040066134803548 0.3055031736289582
0 0.6148168532196658 0.29998070122062565 0.6112134399732289 0.30506137583629156 0.6141955750737285 0.3083748592812911 0.6149411088488532 0.3114674438299574 0.617426221432603 0.3059449714216248 0.6156866426239782 0.29975980232429233
0 0.630845829384851 0.29975980232429233 0.624136025408727 0.30484047693995825 0.6277394386551641 0.3114674438299574 0.6319641300475385 0.3083748592812911 0.632088385676726 0.30042249901329215
0 0.6474960836959739 0.29865530784262573 0.6401650015739123 0.3037359824582917 0.6447624598538492 0.30970025265929096 0.6474960836959739 0.3074912636959579