1 0.6711956521739131 0.2826086956521739 0.6770833333333334 0.2898550724637681 0.6707427536231884 0.322061191626409 0.6698369565217391 0.3719806763285024 0.6711956521739131 0.4082125603864734 0.6748188405797102 0.4355877616747182 0.6816123188405797 0.45491143317230276 0.6788949275362319 0.46859903381642515 0.6788949275362319 0.49114331723027377 0.6490036231884058 0.48711755233494364 0.5665760869565217 0.4855072463768116 0.5267210144927537 0.49033816425120774 0.4741847826086957 0.49033816425120774 0.4270833333333333 0.4943639291465378 0.35778985507246375 0.5088566827697263 0.3496376811594203 0.5040257648953301 0.34646739130434784 0.47101449275362317 0.353713768115942 0.4428341384863124 0.35688405797101447 0.4025764895330113 0.3582427536231884 0.33735909822866345 0.3605072463768116 0.32608695652173914 0.3663949275362319 0.3172302737520129 0.3663949275362319 0.30112721417069244 0.36820652173913043 0.2938808373590982 0.3786231884057971 0.2962962962962963 0.3894927536231884 0.3035426731078905 0.48233695652173914 0.30676328502415456 0.6435688405797102 0.2914653784219002 0.6612318840579711 0.2882447665056361
0 0.39124341525258644 0.31041466228180475 0.38701048803965277 0.3117584486986092 0.38776636789910524 0.31632732251574397 0.3895804795617911 0.31767110893254835 0.39139459122447695 0.32277749731640487 0.3944181106622867 0.322508740033044 0.3939645827466153 0.31740235164918745 0.39139459122447695 0.314177264248857
0 0.4071168923010878 0.31041466228180475 0.4019769092568113 0.3133709923987744 0.40454690077894956 0.3152522933823005 0.4054539566102925 0.32277749731640487 0.4092333559075547 0.32089619633287875 0.40862865201999277 0.3171335943658266 0.4068145403573069 0.31390850696549616
0 0.42223448949013676 0.31148969141524824 0.4166409785301887 0.31122093413188745 0.4167921545020792 0.31632732251574397 0.4184550901928746 0.3171335943658266 0.42026920185556044 0.32197122546632223 0.4234438972652607 0.32170246818296133
0 0.43825914251052855 0.3128334778320526 0.4325144555786901 0.31471477881557874 0.434026215297595 0.31740235164918745 0.4350844471008284 0.3233150118831266 0.43946855028565257 0.32654009928345706 0.4379567905667477 0.3233150118831266 0.43901502236998113 0.3214337108996005
0 0.4521673319244537 0.3144460215322179 0.4506555722055488 0.3133709923987744 0.4480855806834105 0.31793986621590914 0.4494461644304249 0.3190148953493527 0.4498996923460964 0.3238525264498483 0.4523185078963442 0.3238525264498483 0.4526208598401251 0.32062743904951785
0 0.4668314011978312 0.3133709923987744 0.4644125856475833 0.3128334778320527 0.46123789023788303 0.31740235164918745 0.4632031778724594 0.3182086234992701 0.46411023370380233 0.32170246818296133 0.4665290492540502 0.3195524099160744 0.4674361050853931 0.31498353609893964
0 0.47816959908961787 0.3144460215322179 0.4768090153426035 0.3171335943658266 0.4784719510333989 0.3195524099160744 0.48134429449931815 0.3190148953493527 0.4796813588085227 0.31363974968213526
0 0.4946477800256812 0.3104146622818048 0.490868380728419 0.3157898079490222 0.4935895482224478 0.3192836526327136 0.4955548358570241 0.3198211671994353 0.497671299463491 0.3155210506656614
0 0.510974784989854 0.3090708758650005 0.5091606733271682 0.3093396331483614 0.5062883298612488 0.3114896914152483 0.5090094973552777 0.3157898079490223 0.5091606733271682 0.31982116719943526 0.5126377206806494 0.3195524099160744 0.5112771369336351 0.31471477881557874
0 0.5259412062070125 0.30987714771508307 0.5215571030221883 0.3128334778320526 0.5233712146848741 0.31740235164918745 0.5266970860664649 0.31632732251574397
0 0.5401517475647184 0.30853336129827874 0.5377329320144707 0.3093396331483614 0.5362211722955658 0.3131022351154135 0.5383376359020327 0.3155210506656614 0.539395867705266 0.320358681766157 0.5425705631149663 0.3195524099160744 0.5419658592274044 0.31390850696549616 0.5419658592274044 0.3090708758650005
0 0.5557228726694389 0.3069208175981135 0.5507340655970528 0.3109521768485266 0.5523970012878482 0.3128334778320527 0.5536064090629721 0.31740235164918745 0.5567811044726724 0.3168648370824657 0.556629928500782 0.31363974968213526
0 0.5700845899990353 0.30718957488147436 0.5672122465331162 0.3066520603147526 0.5661540147298828 0.3104146622818048 0.5682704783363496 0.31471477881557874 0.5706892938865974 0.314177264248857
0 0.5842951313567414 0.3133709923987744 0.5839927794129603 0.3106834195651657 0.5812716119189316 0.3093396331483614 0.5826321956659462 0.3061145457480309 0.5867139469069892 0.30423324476450486 0.5873186507945511 0.3082646040149179 0.5868651228788798 0.31122093413188745
0 0.597447440911214 0.3031582156310614 0.5992615525738999 0.3069208175981135 0.6001686084052428 0.3117584486986092 0.6025874239554906 0.31014590499844397 0.6028897758992716 0.3007394000808135
0 0.610448574493796 0.3053082738979483 0.612867390044044 0.30611454574803093 0.6149838536505108 0.3093396331483613 0.6161932614256347 0.3077270894481961 0.6155885575380727 0.2993956136640092
0 0.6248102918233925 0.3039644874811439 0.625868523626626 0.30477075933122655 0.6282873391768738 0.3117584486986092 0.6307061547271217 0.3104146622818048 0.6313108586146835 0.30127691464753525
0 0.6408349448437843 0.3045020020478657 0.6435561123378133 0.30880211858163964 0.645974927888061 0.3085333612982788 0.6471843356631849 0.2993956136640092