1 0.5991847826086957 0.5064412238325282 0.6340579710144928 0.5072463768115942 0.6381340579710145 0.5136876006441223 0.6444746376811594 0.5426731078904992 0.6444746376811594 0.5982286634460547 0.6399456521739131 0.6497584541062802 0.6435688405797102 0.6932367149758454 0.6417572463768116 0.7077294685990339 0.6345108695652174 0.717391304347826 0.6218297101449275 0.7077294685990339 0.5828804347826086 0.7012882447665056 0.4841485507246377 0.7069243156199678 0.4076086956521739 0.7053140096618358 0.365036231884058 0.7085346215780999 0.3423913043478261 0.7012882447665056 0.3333333333333333 0.6932367149758454 0.328804347826087 0.6827697262479872 0.3269927536231884 0.6626409017713365 0.3278985507246377 0.5668276972624798 0.32382246376811596 0.537842190016103 0.32518115942028986 0.5209339774557166 0.33061594202898553 0.5120772946859904 0.35054347826086957 0.5088566827697263 0.4433876811594203 0.5152979066022544 0.5176630434782609 0.5152979066022544
0 0.35523829655724687 0.5245011955122076 0.3479969800869478 0.5156736859103193 0.3469625063054764 0.5197196278111847 0.3486176643558306 0.524133382612129 0.348203874843242 0.5359033954146469 0.3502728224061846 0.5355355825145683
0 0.36931685228958994 0.5232381798296106 0.3647573849773728 0.5210021192320481 0.3641284929343083 0.5251947328524776 0.3639712699235422 0.5400086343113288 0.3653862770204372 0.5408471570354147 0.3674301761603966 0.5358160206908993 0.3674301761603966 0.5254742404271731 0.3693168522895899 0.5240767025536965
0 0.38346692325853976 0.526312763151259 0.38063690906474973 0.5302258691969932 0.38063690906474973 0.5366545434149852 0.3787502329355565 0.5366545434149852 0.3776496718601937 0.5302258691969932 0.3796935710001531 0.5232381798296105
0 0.3995036703566829 0.5257537480018684 0.39635921014136066 0.5299463616222978 0.39635921014136066 0.5386110964378523 0.3930575269152723 0.5363750358402899 0.3927430808937401 0.5296668540476025 0.3930575269152723 0.5215611343814387
0 0.4160120864871243 0.5285488237488214 0.41223873422873764 0.5321824222198602 0.4125531802502699 0.5408471570354147 0.40988038906724605 0.5388906040125476 0.40956594304571375 0.5305053767716885 0.4087798279918832 0.5237971949790011
0 0.4295332654130096 0.524635717703087 0.42796103530534857 0.5296668540476025 0.42796103530534857 0.5388906040125476 0.425759913154623 0.5416856797595007 0.4246593520792603 0.5366545434149852 0.424344906057728 0.5316234070704697 0.42638880519768746 0.5240767025536964
0 0.4463561275649833 0.526312763151259 0.4441550054142578 0.5302258691969931 0.4441550054142578 0.5388906040125476 0.4406960991774033 0.5388906040125476 0.4392810920805084 0.5330209449439461 0.4424255522958306 0.5251947328524778
0 0.46160675960929587 0.5299463616222978 0.4594056374585703 0.5316234070704697 0.4586195224047398 0.5369340509896805 0.4570472922970787 0.5388906040125476 0.4539028320817565 0.5330209449439461 0.4570472922970787 0.5299463616222978 0.4576761843401432 0.5251947328524778
0 0.47748628369667284 0.5288283313235167 0.4744990464921169 0.5341389752427275 0.47528516154594735 0.5391701115872429 0.471983478319859 0.5391701115872429 0.47088291724449627 0.5341389752427275 0.4730840393952218 0.5279898085994308
0 0.49336580778404987 0.5285488237488214 0.4899069015471955 0.5330209449439461 0.48974967853642937 0.538331588863157 0.48739133337493773 0.538331588863157 0.48456131918114775 0.532741437369251 0.4888063404718327 0.5268717783006495
0 0.5078303247745318 0.529107838898212 0.5053147566022741 0.5360955282655946 0.5031136344515487 0.5366545434149852 0.5010697353115893 0.5330209449439461 0.502327519397718 0.5260332555765637 0.5043714185376774 0.5254742404271731
0 0.5246531869265055 0.5265922707259542 0.5229237338080784 0.5302258691969932 0.5232381798296106 0.5344184828174228 0.5199364966035223 0.5341389752427275 0.5191503815496917 0.5316234070704697 0.5188359355281595 0.528269316174126
0 0.5392749269277537 0.5271512858753448 0.5366021357447298 0.5299463616222979 0.5364449127339638 0.5346979903921181 0.533929344561706 0.5349774979668134 0.5326715604755771 0.5296668540476026 0.5351871286478349 0.5237971949790011
0 0.554211112950534 0.5257537480018684 0.5521672138105747 0.5293873464729073 0.5524816598321068 0.5349774979668134 0.5488655305844864 0.5349774979668134 0.548393861552188 0.5307848843463838 0.5505949837029135 0.5251947328524778
0 0.5683611839194839 0.5240767025536964 0.5680467378979516 0.5282693161741261 0.5682039609087177 0.5333004525186416 0.5647450546718633 0.5333004525186416 0.5639589396180328 0.5285488237488214 0.5645878316610973 0.5229586722549153
0 0.5856557151037558 0.5226791646802199 0.5837690389745624 0.5274307934500402 0.5836118159637964 0.531902914645165 0.5798384637054097 0.531902914645165 0.5795240176838776 0.5279898085994307 0.581567916823837 0.521840641956134
0 0.6021641312341972 0.5207226116573528 0.6010635701588345 0.526312763151259 0.6009063471480683 0.529107838898212 0.595875210803553 0.5310643919210791 0.5955607647820207 0.5293873464729073 0.5976046639219801 0.5237971949790011 0.5980763329542784 0.5196045813585716
0 0.6186725473646387 0.519045566209181 0.6188297703754049 0.5251947328524776 0.6156853101600825 0.529107838898212 0.6136414110201233 0.5279898085994308 0.6144275260739538 0.5215611343814387