1 0.6046195652173914 0.5064412238325282 0.6340579710144928 0.5080515297906603 0.6381340579710145 0.5177133655394525 0.6431159420289855 0.5458937198067633 0.6440217391304348 0.5652173913043478 0.6403985507246377 0.6586151368760065 0.6444746376811594 0.6803542673107891 0.6444746376811594 0.6924315619967794 0.6417572463768116 0.7053140096618358 0.6345108695652174 0.71658615136876 0.6186594202898551 0.7061191626409018 0.5697463768115942 0.6996779388083736 0.46875 0.7061191626409018 0.4180253623188406 0.7037037037037037 0.35643115942028986 0.7085346215780999 0.348731884057971 0.7053140096618358 0.3365036231884058 0.6884057971014492 0.3319746376811594 0.678743961352657 0.3283514492753623 0.6626409017713365 0.3283514492753623 0.5700483091787439 0.322463768115942 0.5458937198067633 0.322463768115942 0.5394524959742351 0.32518115942028986 0.5209339774557166 0.33061594202898553 0.5136876006441223 0.3582427536231884 0.5112721417069244 0.48188405797101447 0.5169082125603864 0.5502717391304348 0.5136876006441223
0 0.347855911320016 0.5216578870034486 0.34710003146056356 0.5307956346377183 0.34951884701081143 0.5372458094383791 0.3517864865891688 0.53133314920444 0.3534494222799641 0.529183090937553 0.3514841346453878 0.5208516151533661
0 0.36675290780632713 0.5238079452703356 0.3628223325371745 0.529183090937553 0.36418291628418886 0.5342894793214095 0.36342703642473645 0.539664624988627 0.36660173183443673 0.5418146832555139
0 0.3830799127705001 0.5251517316871399 0.38050992124836175 0.5216578870034487 0.37733522583866147 0.5286455763708313 0.3789981615294568 0.53751456672174 0.38050992124836175 0.5369770521550182 0.38005639333269026 0.5305268773543573
0 0.3984998619033299 0.5267642753873051 0.3951739905217392 0.5232704307036139 0.3919992951120389 0.5281080618041096 0.3926039989996009 0.5377833240051009 0.39472046260606775 0.5391271104219052 0.3959298703811916 0.5383208385718227 0.3963833982968631 0.5318706637711618
0 0.4148268668675028 0.5281080618041096 0.4104427636826786 0.5227329161368921 0.4095357078513357 0.5310643919210791 0.40953570785133564 0.5372458094383791 0.4107451156264596 0.5428897123889573 0.41225687534536454 0.5372458094383791 0.41225687534536454 0.5318706637711618
0 0.42828152836575634 0.527033032670666 0.42646741670307053 0.5426209551055965 0.4248044810122752 0.5420834405388748 0.42480448101227514 0.5407396541220704 0.42389742518093215 0.5329456929046051 0.4255603608717276 0.5307956346377183 0.42571153684361807 0.5278393045207486
0 0.4446085333299292 0.5275705472373877 0.44309677361102434 0.5321394210545226 0.4432479495829148 0.5404708968387095 0.4409803100045575 0.5402021395553487 0.4396197262575431 0.5310643919210791 0.4417361898640099 0.5297206055042747 0.44264324569535285 0.5254204889705009
0 0.46017965843464964 0.5318706637711617 0.45851672274385424 0.5342894793214095 0.4588190746876353 0.5418146832555139 0.45579555524982546 0.5399333822719878 0.45443497150281104 0.5337519647546879 0.45745849094062085 0.5278393045207486
0 0.4778672471458368 0.5289143336541922 0.4730296160453413 0.5289143336541922 0.4713666803545458 0.5342894793214096 0.4716690322983268 0.5407396541220704 0.47287844007345076 0.5407396541220704 0.47423902382046523 0.5364395375882965 0.475448431595589 0.5318706637711617
0 0.4919266125316524 0.5289143336541922 0.4895077969814046 0.5342894793214096 0.4887519171219521 0.5393958677052662 0.48603074962792336 0.5340207220380486 0.48890309309384267 0.5259580035372226
0 0.5076489136082633 0.5289143336541922 0.504171866254782 0.5345582366047704 0.5031136344515486 0.5383208385718227 0.5020554026483152 0.533214450187966 0.5020554026483152 0.5283768190874704 0.505078922086125 0.5259580035372226
0 0.5226153348254218 0.5321394210545226 0.5185335835843785 0.5361707803049356 0.518382407612488 0.5342894793214096 0.519289463443831 0.527033032670666 0.5241270945443267 0.527033032670666
0 0.5390935157614851 0.5262267608205835 0.5360699963236752 0.5227329161368921 0.5330464768858655 0.5251517316871399 0.5344070606328799 0.5278393045207486 0.5342558846609895 0.5324081783378835 0.5372794040987993 0.5340207220380486 0.5369770521550183 0.5289143336541922
0 0.5540599369786434 0.5278393045207486 0.5514899454565052 0.5305268773543573 0.5511875935127243 0.5377833240051008 0.5487687779624764 0.5342894793214095 0.5490711299062574 0.5256892462538616
0 0.56842165430824 0.5259580035372224 0.5666075426455541 0.5318706637711618 0.5663051907017732 0.5377833240051009 0.5623746154326205 0.5340207220380486 0.5640375511234158 0.5273017899540269 0.5649446069547587 0.5240767025536964
0 0.5861092430194271 0.5235391879869747 0.58384160344107 0.5294518482209138 0.582632195665946 0.5316019064878008 0.5796086762281363 0.5332144501879661 0.5793063242843552 0.5278393045207487 0.5815739638627127 0.5208516151533661
0 0.6006221363209142 0.5213891297200878 0.6001686084052428 0.5275705472373878 0.5959356811923091 0.5307956346377183 0.5945750974452947 0.5264955181039443 0.597145088967433 0.5248829744037791 0.5972962649393235 0.5181640423197573
0 0.6171003172569776 0.5178952850363965 0.6131697419878249 0.5256892462538617 0.6146815017067297 0.5305268773543573 0.6189144289196635 0.5307956346377183 0.6180073730883204 0.5246142171204182 0.6186120769758824 0.5184327996031182