1 0.41530797101449274 0.249597423510467 0.46648550724637683 0.2616747181964573 0.509963768115942 0.26006441223832527 0.5362318840579711 0.2648953301127214 0.6970108695652174 0.27053140096618356 0.7210144927536232 0.2753623188405797 0.7504528985507246 0.27616747181964574 0.7717391304347826 0.28180354267310787 0.7803442028985508 0.28743961352657005 0.7848731884057971 0.2995169082125604 0.7835144927536232 0.3365539452495974 0.7871376811594203 0.39371980676328505 0.7762681159420289 0.46859903381642515 0.7762681159420289 0.4830917874396135 0.7807971014492754 0.501610305958132 0.7753623188405797 0.5628019323671497 0.7780797101449275 0.6086956521739131 0.7740036231884058 0.6151368760064412 0.7703804347826086 0.6151368760064412 0.7595108695652174 0.6119162640901772 0.7409420289855072 0.5998389694041868 0.644927536231884 0.5780998389694042 0.5366847826086957 0.5684380032206119 0.4207427536231884 0.5684380032206119 0.39356884057971014 0.5652173913043478 0.38632246376811596 0.5603864734299517 0.3813405797101449 0.5458937198067633 0.38269927536231885 0.534621578099839 0.3822463768115942 0.4943639291465378 0.37817028985507245 0.4677938808373591 0.37681159420289856 0.44363929146537845 0.3795289855072464 0.37278582930756843 0.3736413043478261 0.32045088566827695 0.37318840579710144 0.3003220611916264 0.3795289855072464 0.25442834138486314 0.3917572463768116 0.25684380032206117
0 0.4850544542641439 0.283988428339899 0.47124329827651984 0.2804385729856502 0.4732400919132847 0.2893132113712721 0.4690801051700245 0.2919756028869586 0.4727408935040936 0.2943421731231245 0.47257449403436314 0.2984836710364146
0 0.4572657428191655 0.28310096450133676 0.4541041528942877 0.27718453891092226 0.4429553884223502 0.27274721971811133 0.44345458683154143 0.2786636453085259 0.44228979054342865 0.2845800708989404 0.44661617675641924 0.2833967857808575 0.448945769332645 0.2893132113712721 0.4579313406980871 0.28517171345798187
0 0.4321394228898736 0.2757054325133186 0.42764663720715257 0.27600125379283935 0.4186610658417105 0.2819176793832539 0.41766266902332794 0.2804385729856502 0.42032506053901453 0.27540961123379787 0.41899386478117123 0.2671266154072175
0 0.4998640070701503 0.2961171008002488 0.5015280017674544 0.2913839603279172 0.5066863853290972 0.2899048539303135 0.5093487768447836 0.2854675347375026 0.5171695519221129 0.28250932194229533 0.49620321873608136 0.2748179686747564 0.4982000123728461 0.2828051432218161 0.49653601767554206 0.28576335601702335 0.49770081396365495 0.28783410497366846
0 0.5274863190453983 0.2902006752098342 0.5304815095005457 0.2916797816074379 0.5417966734422135 0.2842842496194197 0.5336430994254234 0.2816218581037332 0.5273199195756679 0.2765928963518808 0.52815191692432 0.28487589217846115
0 0.5576046230666024 0.2955254582412074 0.5599342156428282 0.29227142416647933 0.5644270013255492 0.29138396032791714 0.5670893928412357 0.28665081985558555 0.5556078294298374 0.28191767938325385
0 0.5867245302694241 0.29522963696168664 0.5995372894386656 0.2890173900917513 0.5975404958019007 0.28458007089894044 0.5820653451169726 0.2804385729856502 0.581399747238051 0.2913839603279172 0.584228538223468 0.2881299262531892
0 0.6125164480776375 0.29345470928456224 0.6156780380025153 0.29493381568216587 0.6161772364117065 0.3029209902292256 0.62166841891281 0.2964129220797696 0.6254956067166095 0.2955254582412074 0.6284907971717568 0.29227142416647933 0.6314859876269042 0.2902006752098342 0.6258284056560703 0.28665081985558555 0.6138476438354807 0.28339678578085753 0.6136812443657504 0.2902006752098342
0 0.6406379584620767 0.2964129220797695 0.6441323473264154 0.29818784975689394 0.6462955404329107 0.3041042753473085 0.6501227282367101 0.29937113487497685 0.6546155139194312 0.29818784975689394 0.655780310207544 0.29463799440264515 0.659441098541613 0.29138396032791714 0.6524523208129359 0.2875382836941477 0.6426347520988417 0.28694664113510626 0.6421355536896505 0.29138396032791714
0 0.6735850534686979 0.2978920284773732 0.676913042863306 0.2999627774340183 0.676913042863306 0.30617502430395355 0.6839018205919832 0.2978920284773732 0.6877290083957827 0.29227142416647933 0.6810730296065663 0.2890173900917513 0.6722538577108546 0.2893132113712721
0 0.707364145823971 0.30706248814251574 0.7131881272645353 0.29907531359545614 0.7181801113564477 0.29789202847737317 0.7168489155986043 0.2943421731231245 0.7076969447634318 0.29049649648935494 0.7015401643834067 0.29167978160743785 0.70287136014125 0.2973003859183317 0.7060329500661278 0.3014418838316219
0 0.7316584684046108 0.3055833817449121 0.7351528572689494 0.31209144989436816 0.7396456429516705 0.3061750243039536 0.7426408334068177 0.30676666686299503 0.7443048281041219 0.30144188383162196 0.7446376270435827 0.29759620719785246 0.7374824498451751 0.29256724544600005 0.7308264710559588 0.2907923177688757
0 0.7656039602296143 0.30824577326059865 0.7669351559874575 0.3026251689497048 0.7671015554571881 0.29463799440264515 0.7647719628809623 0.29227142416647933 0.7581159840917459 0.2907923177688757 0.7571175872733635 0.29759620719785246 0.7586151825009372 0.3029209902292256 0.7604455766679715 0.30676666686299503