1 0.6189613526570049 0.2871712292002147 0.6721014492753623 0.2962962962962963 0.6730072463768116 0.30434782608695654 0.6666666666666666 0.35104669887278583 0.6666666666666666 0.40660225442834136 0.6689311594202898 0.4428341384863124 0.6666666666666666 0.4830917874396135 0.6634963768115942 0.4919484702093398 0.6567028985507246 0.49597423510466987 0.6336050724637681 0.49838969404186795 0.5606884057971014 0.4967793880837359 0.5122282608695652 0.5104669887278583 0.4447463768115942 0.5096618357487923 0.43478260869565216 0.5048309178743962 0.4288949275362319 0.49355877616747185 0.42391304347826086 0.46215780998389694 0.42028985507246375 0.40177133655394526 0.411231884057971 0.3333333333333333 0.4121376811594203 0.32608695652173914 0.41817632850241554 0.30998389694041867 0.4846014492753623 0.2965646806226517 0.5517814009661837 0.29253891572732155
0 0.4344811294259067 0.3171745432744265 0.4304602834370366 0.31799147706264136 0.42563526825039244 0.32064651187433973 0.42563526825039244 0.3249354142624678 0.4270138440180051 0.32881584975648853 0.42977099555323023 0.325548114603629 0.4313793339487783 0.3243227139213067 0.4337918415421004 0.3224846128978232
0 0.4476924805321942 0.3128856408862984 0.44183353351984056 0.3175830101685339 0.4426377027176146 0.32473118081541413 0.4444758037410981 0.32187191255666203 0.44688831133442014 0.3200338115331786 0.44757759921822643 0.31921687774496366
0 0.46400562711561 0.31002637262754634 0.4573425109054824 0.3122729405451372 0.45596393513786976 0.31370257467451323 0.45619369776580526 0.3214634456625546 0.4592954932429336 0.3226888463448769 0.46067406901054625 0.32105497876844713 0.4645800336854486 0.3208507453213934 0.4648097963133841 0.31574490914505043
0 0.47951460450125183 0.305124769898257 0.47503423325651095 0.3075755712629017 0.4733110135469952 0.3102306060746 0.47158779383747934 0.31390680812156696 0.472506844349221 0.320442278427286 0.472966369605092 0.3230973132389844 0.4741151827447691 0.3222803794507695 0.47445982668667225 0.31717454327442646 0.47710209690792976 0.31574490914505043 0.47951460450125183 0.3149279753568356 0.47951460450125183 0.31125177330986864
0 0.49490870057292596 0.3075755712629017 0.4924961929796039 0.3041036026629884 0.48606283939741174 0.3075755712629017 0.4872116525370888 0.31288564088629833 0.48709677122312117 0.31901264429791 0.48927951618850773 0.31206870709808354 0.49215154903770075 0.3128856408862984 0.49307059954944243 0.3157449091450505 0.4933003621773778 0.3106390729687075
0 0.5073158824814394 0.3049205364512033 0.5026057486087631 0.3077798047099554 0.5029503925506661 0.3122729405451372 0.5038694430624079 0.3155406756979967 0.5065117132836654 0.31451950846272814 0.5094986274468261 0.31472374190978186 0.5114516097842774 0.31451950846272814 0.5084646956211166 0.30941367228638517
0 0.5223653346112104 0.30206126819245127 0.5153575744591796 0.30839250505111654 0.5186891325642434 0.3116602402039761 0.5206421149016945 0.31329410778040584 0.5213314027855009 0.31268140743924466 0.5239736730067583 0.31288564088629833 0.5231695038089844 0.30573747023941816
0 0.5364957362292396 0.3002231671689678 0.5299475013330798 0.3061459371335256 0.5316707210425955 0.3108433064157612 0.5338534660079822 0.3116602402039761 0.5359213296594011 0.31125177330986864 0.5371850241130459 0.31002637262754634 0.5392528877644649 0.30737133781584797 0.5376445493689168 0.3043078361100422
0 0.5571743727434288 0.3002231671689678 0.5547618651501067 0.2969554320161083 0.5520047136148815 0.30042740061602147 0.5490177994517207 0.3002231671689678 0.5463755292304633 0.303695135768881 0.5455713600326894 0.30920943883933144 0.5498219686494948 0.30737133781584797 0.5512005444171074 0.30349090232182724 0.5531535267545585 0.3057374702394182 0.5559106782897838 0.3026739685336124
0 0.5691220293960714 0.29715966546316197 0.5656755899770398 0.30042740061602147 0.5633779636976854 0.30124433440423637 0.5619993879300729 0.3057374702394182 0.5628035571278468 0.31043483952165374 0.5651011834072013 0.31043483952165374 0.566020233918943 0.3047163030041496 0.569236910710039 0.30349090232182724 0.5708452491055871 0.302265501639505 0.5714196556754256 0.2996104668278066
0 0.5875030396309061 0.2959342647808397 0.5824482618163266 0.3006316340630752 0.5798059915950691 0.3026739685336124 0.5786571784553919 0.30369513576888096 0.5804952794788754 0.30737133781584797 0.5825631431302942 0.3081882716040628 0.5837119562699714 0.3061459371335256 0.5857798199213903 0.3061459371335256 0.5870435143750351 0.30246973508655867
0 0.6031268983305157 0.29613849822789334 0.5981870018299038 0.29899776648664544 0.5941661558410337 0.30001893372191407 0.5939363932130982 0.303695135768881 0.5970381886902267 0.30696287092174057 0.5992209336556134 0.3047163030041496 0.6015185599349676 0.3049205364512033 0.6032417796444833 0.3034909023218273 0.6038161862143219 0.29981470027486035
0 0.6193251635999637 0.2943003972044099 0.6145001484133197 0.29818083269843054 0.6104793024244495 0.2967511985690546 0.6093304892847723 0.3020612681924512 0.6145001484133197 0.30349090232182724 0.616797774692674 0.3020612681924512 0.6181763504602866 0.2994062333807529
0 0.6334555652179931 0.2969554320161083 0.6286305500313488 0.2987935330395917 0.6258733984961237 0.29920199993369917 0.6254138732402528 0.3018570347453975 0.6286305500313488 0.3041036026629884 0.6308132949967354 0.3028782019806661 0.6317323455084771 0.3014485678512901 0.6347192596716378 0.3016528012983438 0.6363275980671859 0.2979765992513769 0.6340299717878316 0.2973638989102157
0 0.6514919315109247 0.29899776648664544 0.6463222723823773 0.302265501639505 0.6428758329633458 0.3010401009571827 0.6416121385097008 0.30185703474539755 0.6455181031846032 0.30716710436879424 0.6474710855220543 0.30716710436879424 0.6482752547198285 0.30594170368647194 0.6493091865455379 0.30512476989825704