1 0.6160873904969404 0.2906602254428342 0.669076520931723 0.29146537842190023 0.6772286948447664 0.2946859903381643 0.680398984699839 0.3011272141706925 0.669076520931723 0.3518518518518519 0.6672649267288244 0.3985507246376812 0.669076520931723 0.4363929146537842 0.6686236223809984 0.4967793880837359 0.6600185499172303 0.5 0.6450728977433172 0.4975845410628019 0.5689859412215781 0.4975845410628019 0.5092033325259259 0.5112721417069244 0.4489678252795491 0.5112721417069244 0.43402217310563607 0.5080515297906603 0.42904028904766506 0.5040257648953301 0.41907652093172304 0.42995169082125606 0.4186236223809984 0.4057971014492754 0.4127359412215781 0.3510466988727859 0.40413086875780996 0.32769726247987124 0.4059424629607085 0.3156199677938809 0.40911275281578097 0.30837359098228667 0.4168120281780998 0.3059581320450886 0.4222468107867955 0.31078904991948475 0.4317576803520129 0.3123993558776168 0.49289898469983895 0.30032206119162647
0 0.4334680270936916 0.31785717166718275 0.42881645872783036 0.31811559213195284 0.42649067454489975 0.3214750581739637 0.4262923893662878 0.32582587209162206 0.42852573570496405 0.3297445130466059 0.4305607968650283 0.3289692516522957 0.43119092859387126 0.32582587209162206 0.43298307709176764 0.3228522331025199
0 0.4477981713410445 0.3135065105653417 0.445408640010516 0.31520573284482867 0.4439749212121989 0.31648014955444387 0.4421827727143025 0.3171173579092515 0.44170486644819673 0.31860417740380254 0.4418243430147232 0.32136541360796883 0.4426606789804081 0.3268878860163014 0.44505021031093667 0.32072820525316126 0.44708131194188594 0.32051580246822536 0.44827607760715016 0.32051580246822536 0.4479176479075709 0.3141437189201493
0 0.4628522187233742 0.3122320938557265 0.46106007022547774 0.31308170499546994 0.4596263514271607 0.31393131613521347 0.4572368200966321 0.31478092727495693 0.4562810075644207 0.31732976069418734 0.45604205443136786 0.32051580246822536 0.4571173435301057 0.32306463588745576 0.45986530456021346 0.3241266498121351 0.4616574530581099 0.3209406080380971 0.46380803125558556 0.3207282052531612 0.46452489065474406 0.3181793718339308
0 0.47862312550486247 0.30925845486662434 0.4747998753760168 0.31053287157623954 0.4738440628438053 0.3124444966406624 0.47252982061201465 0.3141437189201493 0.4716934846463297 0.31732976069418734 0.4722908674789618 0.32179021917784056 0.47468039880949037 0.32455145538200686 0.47539725820864887 0.3224274275326482 0.47539725820864887 0.319453788543546 0.476830977006966 0.3175421634791232 0.4781452192387567 0.316267746769508 0.47969841460360013 0.3137189133502775
0 0.49379664945371854 0.3045855935980353 0.4903318290244521 0.3058600103076504 0.48865915709308216 0.30777163537207325 0.48746439142781783 0.30904605208168845 0.4871059617282386 0.3137189133502775 0.48806177426045005 0.31817937183393086 0.48913706335918783 0.3169049551243156 0.48949549305876705 0.3137189133502776 0.49057078215750494 0.3124444966406624 0.4924824072219277 0.31329410778040584 0.4931992666210864 0.3128693022105341 0.4941550791532978 0.3096832604364961
0 0.5086117437029953 0.305010399167907 0.5062222123724668 0.3056476075227146 0.5050274467072025 0.3067096214473939 0.5033547747758326 0.3086212465118167 0.5027573919432005 0.3090460520816885 0.502637915376674 0.3128693022105341 0.5031158216427798 0.3149933300598928 0.5053858764067819 0.31605534398457213 0.5069390717716253 0.31350651056534173 0.5084922671364689 0.3141437189201493 0.509925985934786 0.31329410778040584 0.5104038922008918 0.31265689942559827 0.5104038922008918 0.3101080660063678 0.5089701734025746 0.3086212465118167
0 0.5217541660209022 0.30394838524322765 0.5192451581238472 0.3058600103076504 0.5167361502267922 0.30734682980220157 0.5157803376945809 0.30777163537207325 0.5174530096259509 0.3111700799310471 0.5185282987246886 0.31201969107079064 0.5194841112569001 0.31308170499546994 0.5217541660209021 0.3128693022105341 0.523665791085325 0.3122320938557265 0.5224710254200607 0.30755923258713735
0 0.5359718774375469 0.3030987741034842 0.5319096741756484 0.30394838524322765 0.5308343850769105 0.3056476075227146 0.5308343850769105 0.3092584548666243 0.5320291507421748 0.311382482715983 0.5333433929739654 0.3120196910707906 0.5344186820727033 0.3109576771461113 0.5358524008710204 0.3098956632214319 0.5365692602701789 0.3096832604364961 0.5389587916007076 0.3086212465118167 0.5381224556350226 0.30479799638297106 0.537166643102811 0.3026739685336124
0 0.5531765030173522 0.2988507184047668 0.549472729455033 0.29948792675957436 0.547800057523663 0.30203676017880476 0.5462468621588193 0.3037359824582918 0.5454105261931345 0.3056476075227146 0.5464858152918723 0.3088336492967526 0.5476805809571367 0.30989566322143197 0.5495922060215594 0.3062848158775222 0.5503090654207179 0.30501039916790695 0.551145401386403 0.3039483852432276 0.5517427842190351 0.3039483852432276 0.5534154561504051 0.3062848158775222 0.55425179211609 0.3047979963829711 0.5552076046483015 0.3030987741034841 0.55592446404746 0.3020367601788048 0.5538933624165107 0.29991273232944615
0 0.5676331675670497 0.2990631211897027 0.5635709643051512 0.3005499406842537 0.5629735814725191 0.3020367601788048 0.563212534605572 0.30522280195284285 0.5639293940047305 0.30798403815700914 0.565721542502627 0.3069220242323298 0.5661994487687326 0.30522280195284285 0.5699032223310517 0.30522280195284285 0.5702616520306312 0.30394838524322765 0.5703811285971575 0.30033753789931783 0.569664269197999 0.2990631211897027
0 0.5836430274815908 0.3005499406842537 0.5818508789836944 0.30224916296374066 0.5791029179535866 0.30224916296374066 0.5783860585544282 0.3030987741034841 0.5793418710866395 0.30543520473777874 0.5812534961510623 0.3073468298022015 0.5830456446489586 0.3084088437268809 0.584837793146855 0.3060724130925863 0.586510465078225 0.3054352047377787 0.5869883713443308 0.3041607880281635 0.5868688947778044 0.3016119546089331 0.5859130822455929 0.30033753789931783
0 0.6025203249927662 0.2971514961252799 0.5997723639626583 0.29906312118970263 0.5958296372672862 0.30033753789931783 0.5943959184689691 0.3007623434691896 0.594634871602022 0.3058600103076504 0.5969049263660241 0.30670962144739394 0.5997723639626583 0.3037359824582918 0.6018034655936075 0.3043731908130994 0.6034761375249775 0.3030987741034842 0.6038345672245568 0.3007623434691896
0 0.6170964661089902 0.2965142877704723 0.6119589737483537 0.2980011072650233 0.6095694424178253 0.3005499406842537 0.6093304892847724 0.30246156574867655 0.6116005440487745 0.3030987741034842 0.6124368800144594 0.3028863713185483 0.6130342628470915 0.3043731908130994 0.6153043176110936 0.3037359824582918 0.6160211770102523 0.30118714903906135
0 0.6314336540921612 0.2967266905554081 0.6262961617315248 0.2986383156198309 0.6265351148645777 0.3016119546089331 0.6282077867959477 0.30331117688842 0.6298804587273176 0.3039483852432276 0.6316726072252141 0.30224916296374066 0.6341816151222689 0.30203676017880476 0.6357348104871124 0.3018243573938689 0.6351374276544803 0.2980011072650233 0.6345400448218482 0.29566467663072876
0 0.6470850843071231 0.3009747462541255 0.6415891622469074 0.3013995518239972 0.6433813107448038 0.30501039916790695 0.6448150295431209 0.30777163537207325 0.6467266546075437 0.3062848158775222 0.6491161859380722 0.30649721866245805 0.6500719984702836 0.3041607880281635 0.6527004829338651 0.30246156574867655 0.6521031001012328 0.2992755239746385