1 0.6182065217391305 0.29066022544283415 0.676177536231884 0.2946859903381642 0.6757246376811594 0.30515297906602257 0.666213768115942 0.35185185185185186 0.6653079710144928 0.40660225442834136 0.667572463768116 0.41867954911433175 0.6680253623188406 0.44363929146537845 0.6671195652173914 0.4855072463768116 0.6648550724637681 0.49355877616747185 0.6598731884057971 0.4967793880837359 0.5706521739130435 0.4975845410628019 0.5163043478260869 0.5120772946859904 0.4429347826086957 0.5096618357487923 0.4338768115942029 0.5048309178743962 0.4288949275362319 0.49597423510466987 0.42346014492753625 0.4605475040257649 0.42028985507246375 0.40499194847020936 0.4157608695652174 0.37278582930756843 0.411231884057971 0.3446054750402576 0.40942028985507245 0.33816425120772947 0.40398550724637683 0.3309178743961353 0.40398550724637683 0.3252818035426731 0.411231884057971 0.30515297906602257 0.4166666666666667 0.3035426731078905 0.422554347826087 0.3107890499194847 0.432518115942029 0.3115942028985507 0.4936594202898551 0.2995169082125604
0 0.4341364854840035 0.31635760948621167 0.42552038693642474 0.32064651187433973 0.42666920007610193 0.32616081494479016 0.4285073010995854 0.3292243166505959 0.43000075818116573 0.32656928183889755 0.43160909657671376 0.32452694736836035 0.4341364854840035 0.3216676791096083
0 0.44884129367187137 0.3141110415686207 0.4421781774617437 0.3163576094862116 0.44229305877571146 0.32493541426246786 0.44413115979919493 0.32166767910960836 0.4476924805321942 0.32064651187433973
0 0.4627419326619651 0.31125177330986864 0.45826156141722413 0.3134983412274595 0.45653834170770835 0.3169703098273728 0.4566532230216761 0.32207614600371576 0.45998478112673985 0.32207614600371576 0.4620526447781588 0.32125921221550086 0.4633163392318037 0.31778724361558763 0.46412050842957775 0.3155406756979967
0 0.47537887719841404 0.3077798047099554 0.47285148829112433 0.3122729405451372 0.4720473190933502 0.3165618429332653 0.472966369605092 0.3210549787684472 0.47606816508222033 0.31635760948621167 0.479055079245381 0.3157449091450505 0.47916996055934874 0.31145600675692237 0.47572352114031713 0.3075755712629017
0 0.49146226115389446 0.30451206955709587 0.48778605910692746 0.30737133781584797 0.48767117779295976 0.3102306060746 0.4884753469907338 0.315336442250943 0.48859022830470156 0.31594914259210416 0.4897390414443787 0.3120687070980835 0.49272595560753935 0.3128856408862984 0.494104531375152 0.31594914259210416 0.49353012480531333 0.3096179057334389 0.49421941268911973 0.30655440402763307
0 0.5075456451093749 0.30451206955709587 0.5026057486087631 0.3092094388393314 0.5030652738646338 0.31472374190978186 0.5059373067138269 0.31533644225094304 0.5068563572255685 0.31431527501567447 0.5090391021909552 0.3149279753568356 0.5103027966446001 0.3122729405451372 0.5100730340166646 0.3077798047099554
0 0.5202974709597915 0.303695135768881 0.5170807941686953 0.3081882716040628 0.5185742512502757 0.3122729405451372 0.5204123522737593 0.31329410778040584 0.5215611654134363 0.3122729405451372 0.5228248598670813 0.3126814074392447 0.5235141477508876 0.3077798047099554 0.5228248598670812 0.30308243542771984
0 0.5302921452749828 0.30512476989825704 0.5312111957867246 0.31063907296870746 0.5333939407521111 0.31063907296870746 0.5360362109733687 0.31125177330986864 0.5378743119968522 0.30839250505111654 0.5384487185666907 0.305124769898257 0.5361510922873364 0.3016528012983438
0 0.5533832893824941 0.29777236580432315 0.5516600696729783 0.3008358675101289 0.5489029181377532 0.3008358675101289 0.5456862413466571 0.30451206955709587 0.5467201731723665 0.3077798047099554 0.5489029181377532 0.3077798047099554 0.5507410191612365 0.30471630300414965 0.5537279333243971 0.30471630300414965 0.5546469838361389 0.30308243542771984 0.5574041353713641 0.3032866688747736 0.5572892540573965 0.29981470027486035
0 0.570041079907813 0.2975681323572694 0.562688675813879 0.302265501639505 0.5628035571278468 0.30594170368647194 0.5649863020932335 0.3067586374746868 0.5663648778608461 0.3049205364512033 0.5691220293960714 0.3043078361100422 0.571304774361458 0.3055332367923645
0 0.5868137517470998 0.29736389891021575 0.582678024444262 0.30267396853361245 0.5788869410833273 0.30349090232182724 0.5823333805023587 0.30696287092174057 0.5868137517470997 0.30655440402763307 0.5880774462007446 0.30063163406307525
0 0.601748322562903 0.2963427316749471 0.5950852063527754 0.3008358675101289 0.594051274527066 0.3055332367923645 0.5973828326321298 0.3077798047099554 0.6012887973070321 0.30451206955709587 0.6035864235863865 0.30124433440423637
0 0.6189805196580607 0.29450463065146365 0.6148447923552228 0.2979765992513769 0.6104793024244496 0.2979765992513769 0.6093304892847723 0.30226550163950494 0.612317403447933 0.302265501639505 0.6154191989250613 0.30206126819245127 0.616338249436803 0.29981470027486035 0.6182912317742542 0.2989977664866455
0 0.6326513960202189 0.2963427316749471 0.6258733984961237 0.29920199993369917 0.6262180424380268 0.3014485678512901 0.6285156687173812 0.30451206955709587 0.6300091257989614 0.30430783611004214 0.6306984136827678 0.3018570347453975 0.6333406839040253 0.30144856785129004 0.6356383101833797 0.30124433440423637 0.6363275980671859 0.29838506614548427 0.6365573606951214 0.29532156443967855
0 0.6513770501969568 0.2975681323572694 0.6474710855220543 0.30063163406307525 0.644369290044926 0.3014485678512901 0.6416121385097008 0.3008358675101289 0.6426460703354102 0.30328666887477357 0.6444841713588938 0.30635017058057934 0.6464371536963449 0.30655440402763307 0.6468966789522158 0.3053290033453108 0.6489645426036348 0.3043078361100422 0.6501133557433119 0.30124433440423637 0.6519514567667954 0.3002231671689678