1 0.6657608695652174 0.2890499194847021 0.6838768115942029 0.2898550724637681 0.6834239130434783 0.2962962962962963 0.6711956521739131 0.32930756843800324 0.6680253623188406 0.3526570048309179 0.6666666666666666 0.4074074074074074 0.6698369565217391 0.47665056360708535 0.6748188405797102 0.5185185185185185 0.6711956521739131 0.5185185185185185 0.6634963768115942 0.5048309178743962 0.646286231884058 0.499194847020934 0.5720108695652174 0.49838969404186795 0.5185688405797102 0.5128824476650563 0.447463768115942 0.5120772946859904 0.43523550724637683 0.5088566827697263 0.42844202898550726 0.500805152979066 0.41847826086956524 0.4331723027375201 0.4171195652173913 0.4025764895330113 0.4107789855072464 0.34541062801932365 0.40851449275362317 0.33735909822866345 0.40307971014492755 0.3309178743961353 0.40625 0.3027375201288245 0.416213768115942 0.3003220611916264 0.4230072463768116 0.30998389694041867 0.43523550724637683 0.3115942028985507 0.49230072463768115 0.2995169082125604
0 0.4298766863620806 0.3181793718339308 0.42629238936628777 0.3247638581669427 0.4286819206968163 0.3302863305752753 0.4310714520273448 0.3256134693066862 0.4339388896239791 0.32306463588745576 0.4341778427570319 0.31669255233937976
0 0.4481566010406237 0.3118072882858548 0.44564759314356883 0.3141437189201493 0.4449307337444102 0.31648014955444387 0.4427801555469346 0.31626774676950803 0.44242172584735534 0.3239142470271993 0.4438554446456724 0.321153010823033 0.4480371244740973 0.32136541360796883 0.44767869477451805 0.31605534398457213
0 0.4617769296246363 0.31032046879130365 0.45926792172758135 0.3141437189201493 0.45604205443136786 0.31732976069418734 0.45592257786484147 0.3207282052531612 0.4595068748606342 0.32179021917784056 0.46249378902379484 0.319453788543546 0.46452489065474406 0.32136541360796883 0.46488332035432334 0.31563053841470035
0 0.47790626610570375 0.3071344270172657 0.47468039880949026 0.30904605208168845 0.4742024925433846 0.31329410778040584 0.4722908674789618 0.3149933300598928 0.4722908674789618 0.32009099689835363 0.4742024925433847 0.3215778163929047 0.4761141176078075 0.31605534398457213 0.4793399849040209 0.31648014955444387 0.4794594614705473 0.31201969107079064
0 0.4935576963206656 0.3045855935980353 0.4899733993248728 0.30479799638297106 0.48913706335918794 0.3071344270172657 0.48674753202865934 0.3069220242323298 0.48698648516171217 0.31180728828585474 0.48746439142781794 0.31817937183393086 0.48949549305876716 0.31201969107079064 0.4931992666210864 0.31265689942559827 0.4941550791532977 0.31032046879130365
0 0.5096870328017331 0.30394838524322765 0.5070585483381517 0.3043731908130994 0.504310587308044 0.3062848158775222 0.5019210559775154 0.3075592325871374 0.5025184388101476 0.3124444966406624 0.5031158216427797 0.31584294119963624 0.5062222123724668 0.3137189133502776 0.5077754077373103 0.3149933300598928 0.5101649390678389 0.3143561217050852 0.5105233687674181 0.31074527436117544 0.5100454625013124 0.3084088437268809
0 0.521395736321323 0.30437319081309944 0.5184088221581622 0.3058600103076504 0.5153024314284752 0.3064972186624581 0.5170945799263715 0.31117007993104717 0.5185282987246886 0.3137189133502776 0.5207983534886907 0.31371891335027763 0.5216346894543757 0.311382482715983 0.5240242207849043 0.3122320938557265 0.5242631739179572 0.3090460520816885 0.523665791085325 0.3060724130925863
0 0.5384808853346018 0.301824357393869 0.5344186820727033 0.30331117688842 0.5319096741756484 0.30331117688842 0.5298785725446992 0.30543520473777874 0.530714908510384 0.30947085765156024 0.5325070570082805 0.311382482715983 0.5356134477379676 0.311382482715983 0.5370471665362847 0.30989566322143197 0.5381224556350226 0.3094708576515602 0.539675650999866 0.30798403815700914 0.5391977447337604 0.30649721866245805
0 0.5556855109144072 0.29757630169515165 0.5529375498842993 0.2986383156198309 0.5515038310859822 0.29991273232944615 0.548636393489348 0.29991273232944615 0.5454105261931345 0.30373598245829175 0.5462468621588193 0.30819644094194504 0.5493532528885064 0.30755923258713735 0.5510259248198764 0.3047979963829711 0.5532959795838785 0.3060724130925863 0.555088128081775 0.3041607880281635 0.5565218468800921 0.3013995518239972
0 0.570500605163684 0.2980011072650233 0.5682305503996818 0.2980011072650233 0.5666773550348383 0.29948792675957436 0.5621372455068341 0.3011871490390613 0.5620177689403076 0.3043731908130994 0.565482589369574 0.3069220242323298 0.5700226988975782 0.30522280195284285 0.5710979879963161 0.3028863713185483
0 0.5879441838765422 0.2963018849855364 0.5818508789836944 0.3007623434691896 0.5781471054213753 0.3013995518239972 0.5780276288548487 0.3043731908130994 0.5816119258506416 0.308196440941945 0.5857936056790665 0.30649721866245805 0.588183137009595 0.3043731908130994 0.5879441838765422 0.3007623434691896
0 0.6028787546923454 0.29566467663072876 0.6006086999283433 0.29693909334034396 0.5972633560656033 0.30118714903906135 0.5942764419024427 0.2994879267595744 0.594634871602022 0.30670962144739394 0.597980215464762 0.30819644094194504 0.6008476530613962 0.30331117688842 0.6022813718597132 0.3062848158775222 0.6043124734906625 0.30267396853361245
0 0.6143485050788823 0.2973638989102157 0.6113615909157216 0.29778870448008743 0.6093304892847724 0.30033753789931783 0.6096889189843516 0.3035235796733559 0.6127953097140387 0.3041607880281635 0.6172159426755165 0.3018243573938689 0.619605474006045 0.2946026627060494 0.6175743723750958 0.29523987106085703 0.6160211770102523 0.29778870448008743
0 0.6357348104871126 0.29693909334034396 0.6320310369247933 0.29630188498553633 0.6309557478260555 0.2980011072650233 0.6262961617315248 0.298425912834895 0.6289246461951061 0.3028863713185483 0.631672607225214 0.3018243573938689 0.6345400448218482 0.29991273232944615
0 0.6530589126334443 0.2986383156198309 0.6485188031054401 0.29906312118970263 0.647085084307123 0.30118714903906135 0.6402749200151168 0.29991273232944615 0.6433813107448039 0.3058600103076504 0.6486382796719665 0.30501039916790695