1 0.5928442028985508 0.4943639291465378 0.5978260869565217 0.49597423510466987 0.6023550724637681 0.5040257648953301 0.6041666666666666 0.5402576489533011 0.5955615942028986 0.5933977455716586 0.595108695652174 0.6231884057971014 0.5892210144927537 0.6811594202898551 0.5810688405797102 0.6972624798711755 0.563858695652174 0.7053140096618358 0.495018115942029 0.7077294685990339 0.4528985507246377 0.7045088566827697 0.3532608695652174 0.7190016103059581 0.34601449275362317 0.6336553945249598 0.33967391304347827 0.5845410628019324 0.32971014492753625 0.5579710144927537 0.31567028985507245 0.5458937198067633 0.31431159420289856 0.5410628019323671 0.31521739130434784 0.5297906602254429 0.3283514492753623 0.5088566827697263 0.338768115942029 0.5032206119162641 0.3546195652173913 0.5 0.43931159420289856 0.4967793880837359 0.5502717391304348 0.4975845410628019
0 0.35449386683456113 0.5171337343982652 0.3484439253802813 0.5223661161965613 0.3440291032379689 0.5194592374197301 0.34501017482514945 0.5116106647222859
0 0.3692099406422689 0.5148082313768001 0.3672477974679079 0.5194592374197301 0.36136136794482476 0.5188778616643638 0.36365053498157934 0.5139361677437508 0.3625059514632021 0.507250346557039 0.36430458270636634 0.5060875950463067 0.3654491662247436 0.5136454798660678
0 0.3878503007986988 0.5127734162330184 0.3849070860371573 0.5148082313768001 0.38294494286279623 0.5185871737866807 0.37951119230766434 0.516843046520582 0.37902065651407413 0.5119013525999689 0.3800017281012547 0.5052155314132573 0.38278143093159944 0.5095758495785041
0 0.40501905357435786 0.5139361677437507 0.40207583881281633 0.5191685495420469 0.3991326240512748 0.5182964859089976 0.3960258973585365 0.5168430465205819 0.398315064395291 0.5092851617008209
0 0.42055268703804943 0.5121920404776521 0.41760947227650796 0.5188778616643638 0.4128676262718021 0.516843046520582 0.41499328137735986 0.5098665374561873
0 0.43821197560729885 0.5110292889669196 0.4359228085705443 0.5153896071321664 0.43019989097865796 0.5130641041107015 0.4310174506346417 0.5081224101900884
0 0.45521721645176116 0.5092851617008209 0.45325507327740017 0.5136454798660677 0.4498213227222683 0.5110292889669196 0.44720513182312027 0.5116106647222859 0.4472051318231203 0.5049248435355742
0 0.47238596922742027 0.5110292889669196 0.46797114708510795 0.5153896071321664 0.4642103726675826 0.5130641041107015 0.46486442039236964 0.5063782829239897
0 0.4879196026911118 0.5116106647222859 0.4823601970304222 0.5168430465205819 0.4808885896496515 0.5113199768446027 0.481869661236832 0.5078317223124054
0 0.5026356764988197 0.5101572253338703 0.49936543787488463 0.5124827283553353 0.4985478782189008 0.5159709828875326 0.49625871118214626 0.5148082313768001 0.49625871118214626 0.507250346557039
0 0.5194774054120852 0.5078317223124054 0.5198044292744788 0.5130641041107014 0.5173517503065275 0.5107386010892365 0.5117923446458378 0.5104479132115534 0.5124463923706248 0.5060875950463066
0 0.5361556223941542 0.5121920404776521 0.5351745508069735 0.5171337343982652 0.532231336045432 0.5156802950098496 0.5283070496967099 0.5145175434991172 0.5301056809398742 0.5063782829239898
0 0.5534878871010099 0.516843046520582 0.5490730649586976 0.5188778616643638 0.5471109217843365 0.5171337343982652 0.5451487786099755 0.5171337343982652 0.5440041950915983 0.5171337343982652 0.5456393144035657 0.507250346557039 0.5505446723394684 0.5110292889669196
0 0.5680404489775209 0.5113199768446027 0.5675499131839308 0.516843046520582 0.5649337222847827 0.5174244222759482 0.5642796745599957 0.514517543499117 0.5614999717296508 0.5148082313768001 0.5614999717296507 0.5060875950463067
0 0.5773606290557359 0.5069596586793561 0.5830835466476223 0.5101572253338703 0.5834105705100158 0.514517543499117 0.5814484273356547 0.5162616707652158 0.5780146767805228 0.5139361677437507 0.5753984858813748 0.5104479132115534