1 0.5955615942028986 0.49033816425120774 0.6023550724637681 0.49516908212560384 0.6055253623188406 0.5040257648953301 0.6064311594202898 0.5362318840579711 0.6009963768115942 0.5595813204508857 0.5964673913043478 0.5933977455716586 0.5955615942028986 0.6223832528180354 0.5887681159420289 0.6835748792270532 0.5810688405797102 0.6972624798711755 0.5661231884057971 0.7053140096618358 0.5135869565217391 0.7093397745571659 0.4528985507246377 0.7053140096618358 0.39719202898550726 0.715780998389694 0.36367753623188404 0.7181964573268921 0.35280797101449274 0.7230273752012882 0.3509963768115942 0.714170692431562 0.34601449275362317 0.6320450885668277 0.3383152173913043 0.5837359098228664 0.3333333333333333 0.5684380032206119 0.32653985507246375 0.5563607085346216 0.31567028985507245 0.5483091787439613 0.3120471014492754 0.5410628019323671 0.3125 0.5314009661835749 0.3269927536231884 0.5088566827697263 0.3423913043478261 0.500805152979066 0.4320652173913043 0.4967793880837359 0.5733695652173914 0.4975845410628019
0 0.36987509094610205 0.5135953303705559 0.36756967549805464 0.5169253749066244 0.36540834851551024 0.5174376894506348 0.3607975176194155 0.5174376894506348 0.3620943138089421 0.5143638021865717 0.3628147561364569 0.5125707012825349 0.3654083485155102 0.5100091285624823 0.36713741010154577 0.5118022294665191 0.36857829475657533 0.5120583867385243
0 0.3540253597407763 0.5164130603626139 0.35143176736172305 0.5192307903546718 0.3473972903276401 0.5189746330826664 0.3459564056726105 0.5115460721945138 0.34739729032764005 0.510777600378498 0.34883817498266967 0.5128268585545401 0.351143590430717 0.5148761167305823
0 0.3880302375994752 0.5112899149225085 0.3847162028929071 0.5156445885465981 0.3805376373933212 0.5174376894506348 0.37967310660030346 0.5115460721945138 0.3789526642727886 0.5053982976663874 0.381402168186339 0.5051421403943822
0 0.40460041113231576 0.5148761167305822 0.4024390841497713 0.5192307903546717 0.396387368598647 0.517437689450635 0.3976841647881736 0.5130830158265455 0.3984046071156884 0.5082160276584453 0.40085411102923874 0.5102652858344875
0 0.42145876159616225 0.5123145440105296 0.4167038422345645 0.5176938467226402 0.41367798445900233 0.514619959458577 0.41483069218302604 0.5071913985704243 0.41699201916557044 0.5110337576505033
0 0.4381730235945058 0.5100091285624823 0.43572351968095546 0.5138514876425613 0.43068042338835183 0.5138514876425613 0.43082451185385473 0.5066790840264138 0.43341810423290805 0.5079598703864402
0 0.45589590485137005 0.5102652858344875 0.4531582240068137 0.5125707012825349 0.45013236623125163 0.510777600378498 0.4466742430591805 0.510777600378498 0.4462419776626716 0.5033490394903454 0.45027645469675454 0.5053982976663874 0.45359048940332264 0.5066790840264138
0 0.47131337066018697 0.510777600378498 0.46814342441912177 0.5148761167305823 0.46425303585054184 0.5133391730985507 0.46396485891953587 0.5105214431064928 0.46742298209160704 0.505910612210398
0 0.4884598980550393 0.509752971290477 0.4852899518139741 0.514619959458577 0.47952641319385564 0.514619959458577 0.4818318286419031 0.5074475558424295
0 0.504309629260365 0.5082160276584454 0.4996987983642703 0.5148761167305823 0.4939352597441518 0.5143638021865717 0.49681702905421105 0.509752971290477 0.49768155984722884 0.5066790840264138 0.49998697529527625 0.5082160276584454
0 0.5201593604656909 0.5071913985704244 0.5188625642761643 0.5138514876425612 0.5161248834316079 0.5102652858344875 0.5123785833285309 0.5100091285624823 0.511946317932022 0.505910612210398 0.5152603526385902 0.5066790840264138
0 0.5290928453268744 0.5071913985704244 0.5289487568613715 0.5143638021865717 0.5309659953784129 0.5138514876425613 0.5352886493435018 0.5179500039946454 0.5361531801365196 0.5120583867385243 0.5339918531539751 0.5092406567464665 0.5311100838439159 0.5066790840264138
0 0.5455189303942121 0.5071913985704244 0.5436457803426736 0.5159007458186033 0.5473920804457506 0.5159007458186033 0.5486888766352772 0.520511576714698 0.5525792652038571 0.516669217634619 0.5528674421348632 0.5120583867385243
0 0.5603600423410171 0.5064229267544086 0.5610804846685319 0.514619959458577 0.5638181655130882 0.5148761167305823 0.5666999348231474 0.5182061612666506 0.5677085540816682 0.5125707012825349 0.5675644656161652 0.509752971290477 0.5642504309095971 0.5087283422024559 0.5629536347200704 0.5061667694824032
0 0.5766420389428518 0.5064229267544086 0.5770743043393606 0.5123145440105296 0.5790915428564021 0.5148761167305822 0.5808206044424375 0.5156445885465981 0.5819733121664613 0.5164130603626139 0.582837842959479 0.5112899149225085 0.5815410467699524 0.5082160276584453 0.5779388351323784 0.5074475558424295