1 0.5957825198066826 0.4911433172302738 0.6016702009661029 0.49436392914653793 0.6052933893719 0.5032206119162642 0.6057462879226246 0.5394524959742352 0.6007644038646537 0.567632850241546 0.5971412154588566 0.6207729468599035 0.5903477371979869 0.6811594202898552 0.5826484618356681 0.6972624798711756 0.5681557082124797 0.7061191626409019 0.5196955632849435 0.7085346215780999 0.4449673024153783 0.7061191626409019 0.3693332444443638 0.7173913043478262 0.35348179516900147 0.7262479871175525 0.35076440386465363 0.7173913043478262 0.35076440386465363 0.6964573268921096 0.345329621255958 0.6312399355877618 0.3380832444443638 0.5829307568438005 0.33310136038639276 0.56682769726248 0.3254020850240739 0.5539452495974236 0.3163441140095812 0.5458937198067634 0.3145325198066826 0.5386473429951691 0.3154383169081319 0.5281803542673109 0.32449628792262464 0.5128824476650564 0.3312897661834942 0.5064412238325283 0.34306512850233484 0.5024154589371982 0.36525715748784204 0.4991948470209341 0.5713259980675522 0.49838969404186806 0.584007157487842 0.496779388083736
0 0.35465737876575787 0.5156802950098496 0.350569580485839 0.5200406131750963 0.34599124641233003 0.5188778616643638 0.34599124641233 0.5092851617008209 0.34909797310506824 0.5113199768446028
0 0.36949807232885984 0.5129401574079958 0.3687248327156156 0.5151003188672179 0.36850390711183156 0.5172604803264399 0.3620970646020934 0.5188315068422378 0.3613238249888492 0.5158858321251167 0.36287030421533767 0.512743779093521 0.36364354382858194 0.5092089694329759 0.3677306674985873 0.5125474007790464
0 0.38849767425429 0.5105836176342993 0.38606749261266526 0.5090125911185014 0.38253268295212006 0.5076379429171782 0.3813175921313077 0.5080306995461278 0.38054435251806346 0.5123510224645719 0.38164898053698376 0.515885832125117 0.3846314761880688 0.5168677236974906 0.38584656700888115 0.5143148056093191 0.3877244346410458 0.5139220489803695
0 0.40595079695323166 0.5133329140369451 0.4024159872926865 0.5115655092066727 0.40042765685862985 0.5086198344895516 0.3970033099999768 0.5092089694329759 0.3958986819810564 0.5152966971816925 0.39755562400943695 0.5172604803264398 0.40263691289647063 0.5174568586409145
0 0.42141558921811667 0.5129401574079958 0.4161133747272989 0.5096017260619252 0.4144564326989184 0.5117618875211473 0.4129099534724299 0.512743779093521 0.4120262510572937 0.515689453810642 0.41423550709513435 0.5166713453830156 0.4160029119254069 0.5188315068422376
0 0.4390896375208424 0.5094053477474506 0.43146770419029196 0.506852429659279 0.4302526133694795 0.5074415646027033 0.43014215056758753 0.5115655092066725 0.4313572413884 0.5137256706658947 0.43699084428489376 0.5152966971816925 0.43820593510570616 0.5139220489803694 0.4395314887284106 0.5135292923514199
0 0.446932496455177 0.5037103766276835 0.44638018244571676 0.5066560513448044 0.4477057360684212 0.5111727525777232 0.4512405457289663 0.5111727525777231 0.45157193413464247 0.5162785887540661 0.456211371814108 0.5109763742632484 0.45378119017248325 0.5066560513448043 0.45113008292707435 0.5060669164013801
0 0.46549024717303905 0.505477781457956 0.4636123795408744 0.5090125911185011 0.4643856191541186 0.5133329140369451 0.4675890404089877 0.5145111839237936 0.46979829644682847 0.5125474007790461 0.471676164078993 0.5103872393198242 0.4690250568335842 0.5056741597724307
0 0.4882813721181229 0.5082758698566073 0.483560168817613 0.5095671391353791 0.4808363976827034 0.5056933312990634 0.47983768159990314 0.5106969997543046 0.47902055025943024 0.5160234855292388 0.48210749087899446 0.5142479902709275 0.48401413067343124 0.5158620768693924
0 0.5033529057312892 0.5087600958361468 0.49981200325590674 0.5076302352172213 0.49608951603819695 0.5052091053195239 0.49608951603819695 0.5098899564550722 0.49463683809957854 0.514086581611081 0.4980869482037973 0.5142479902709275 0.49972121088474303 0.5157006682095459 0.5002659651117249 0.5116654517133836 0.5035344904736164 0.5123110863527696
0 0.5202402867677286 0.5084372785164538 0.5197863249119102 0.5148936249103134 0.5183336469732919 0.5155392595496994 0.515700668209546 0.512149677692923 0.5131584818169636 0.5097285477952256 0.5113426343936905 0.5095671391353791 0.5113426343936905 0.5047248793399843 0.5137032360439455 0.5048862879998308 0.517516515632819 0.5061775572786027
0 0.5293195238840938 0.5053705139793704 0.5278668459454754 0.5089215044959932 0.5285931849147846 0.513118129652002 0.5314077484208578 0.5144093989307739 0.5343131042980946 0.5173147548080108 0.5354934051232221 0.5165077115087784 0.5369460830618406 0.5139251729512344 0.5362197440925314 0.5102127737747651 0.5335867653287855 0.5089215044959932 0.5308629941938758 0.5071460092376817
0 0.5459345278070422 0.5076302352172214 0.5442094727549327 0.511504043053537 0.5451173964665692 0.5168305288284714 0.5487490913131153 0.5163463028489319 0.5502017692517338 0.5181217981072433 0.5534702946136253 0.5173147548080109 0.5536518793559526 0.5126339036724625 0.5521992014173343 0.5111812257338442
0 0.5615508156471904 0.50585473995891 0.5610060614202085 0.5077916438770678 0.5610060614202085 0.5155392595496994 0.5641837944109362 0.5144093989307739 0.5651825104937365 0.5184446154269363 0.5674523197728277 0.5171533461481643 0.5683602434844643 0.5129567209921555 0.5678154892574824 0.5097285477952256 0.5640930020397726 0.5084372785164537
0 0.5758960102910474 0.5050476966596774 0.5764407645180293 0.5123110863527696 0.5788921585394481 0.5152164422300064 0.5817975144166848 0.5161848941890854 0.5832501923553033 0.5147322162504671 0.5835225694687942 0.5094057304755327 0.5811619678185392 0.5077916438770678 0.5791645356529389 0.5079530525369143