1 0.38903985507246375 0.4718196457326892 0.43478260869565216 0.4750402576489533 0.49773550724637683 0.47342995169082125 0.5072463768115942 0.47906602254428343 0.5076992753623188 0.4927536231884058 0.4986413043478261 0.5177133655394525 0.5009057971014492 0.5265700483091788 0.5095108695652174 0.5426731078904992 0.5117753623188406 0.5579710144927537 0.511322463768116 0.572463768115942 0.5063405797101449 0.6030595813204509 0.5072463768115942 0.6473429951690821 0.5022644927536232 0.6996779388083736 0.495018115942029 0.7053140096618358 0.4678442028985507 0.7093397745571659 0.40942028985507245 0.7101449275362319 0.36820652173913043 0.7077294685990339 0.35688405797101447 0.7020933977455717 0.35054347826086957 0.6948470209339774 0.3451086956521739 0.6690821256038647 0.3442028985507246 0.6312399355877617 0.33695652173913043 0.5458937198067633 0.32971014492753625 0.533011272141707 0.31521739130434784 0.5314009661835749 0.31476449275362317 0.5217391304347826 0.3242753623188406 0.49516908212560384 0.33469202898550726 0.4830917874396135
0 0.34052282967871816 0.4983099729796283 0.342859542795665 0.4930228645130009 0.341584972004603 0.4915122620939645 0.3360618319100013 0.48943518376778955 0.3355307607470588 0.49151226209396454
0 0.358685463451351 0.4926452139082418 0.3546493226129881 0.49830997297962826 0.35390582298486867 0.5017088284224601 0.3499758963790942 0.5017088284224601 0.3494448252161517 0.4958552440486942 0.3519939667982757 0.4930228645130009 0.3521001810308642 0.4900016596749281
0 0.37387409871150584 0.49019048497730766 0.37100631443161647 0.4971770211653509 0.37090010019902797 0.500953527212942 0.36813853015172704 0.5007647019105623 0.36675774512807663 0.4947222922344168 0.36601424549995715 0.4900016596749281 0.3670763878258421 0.4873581054416145 0.3714311713619704 0.4886798825582713
0 0.3820525946208201 0.4837704246964031 0.3832209511792935 0.4873581054416145 0.3840706650400015 0.48886870786065084 0.383752022342236 0.4915122620939645 0.3823712373185855 0.4926452139082418 0.38205259462082003 0.4958552440486941 0.3816277376904661 0.49774349707248966 0.38736330625024484 0.4975546717701101 0.3880005916457758 0.49377816572251915 0.3898062335997803 0.4907569608844463 0.3891689482042493 0.48849105725589176 0.38746952048283334 0.4883022319535122 0.38513280736588645 0.48546985241781904
0 0.39809094374168297 0.4818821716726076 0.3989406576023909 0.4877357560463736 0.3983033722068599 0.4918899126987237 0.3989406576023909 0.49377816572251915 0.4029767984407538 0.49434464162965774 0.40414515499922715 0.49037931027968723 0.4054197257902892 0.4890575331630304 0.4051010830925237 0.4860363283249576 0.40117115648674934 0.48282629818450523
0 0.41508522095584227 0.49509994283917597 0.4196524329571476 0.49642171995583273 0.41975864718973616 0.4932116898153805 0.42135186067856356 0.48924635846540987 0.42103321798079807 0.48565867772019855 0.4191213617942051 0.48358159939402345 0.41540386365360776 0.4832039487892643 0.41529764942101927 0.4864139789297167 0.4158287205839617 0.48754693074399397 0.4157225063513732 0.4905681355820668
0 0.43165464123964764 0.4983099729796283 0.43505349668247956 0.4979323223748691 0.435584567845422 0.4941558163272783 0.43781506672978043 0.491323436791585 0.43792128096236893 0.48886870786065084 0.4346286397521255 0.48754693074399397 0.4333540689610636 0.4856586777201985 0.43165464123964764 0.48622515362733715 0.43154842700705914 0.48943518376778955 0.4304862846811742 0.4907569608844463
0 0.4476929903605105 0.49868762358438734 0.4517291311988734 0.4975546717701101 0.45141048850110793 0.49453346693203726 0.45279127352475834 0.49283403921062136 0.45226020236181586 0.48943518376778944 0.4476929903605105 0.48622515362733715 0.44705570496497954 0.489624009070169 0.44429413491767866 0.4907569608844463 0.44450656338285566 0.49434464162965774
0 0.4630940540858424 0.4973658464677305 0.4680861230175018 0.4990652741891465 0.4688296226456213 0.4958552440486942 0.4687234084130328 0.49283403921062136 0.4699979792040947 0.49113461148920534 0.46967933650632915 0.4890575331630303 0.4646872675746699 0.48565867772019855 0.4630940540858424 0.48716928013923494 0.463200268318431 0.4909457861868259
0 0.4786013320437629 0.5001982260034238 0.4825312586495373 0.500953527212942 0.48253125864953716 0.4966105452582123 0.48295611557989115 0.4939669910248987 0.4841244721383646 0.49283403921062136 0.4835934009754222 0.48924635846540987 0.4798759028348248 0.48528102711543936 0.4783889035785859 0.4856586777201985 0.4783889035785859 0.4890575331630303 0.4786013320437628 0.49207873800110313 0.47785783241564334 0.49453346693203726