1 0.5181159420289855 0.29066022544283415 0.6739130434782609 0.29307568438003223 0.6766304347826086 0.3059581320450886 0.6766304347826086 0.33172302737520126 0.6711956521739131 0.3663446054750403 0.6725543478260869 0.44524959742351045 0.6770833333333334 0.4669887278582931 0.677536231884058 0.49033816425120774 0.6725543478260869 0.5587761674718197 0.6594202898550725 0.5700483091787439 0.6345108695652174 0.5636070853462157 0.5520833333333334 0.5595813204508857 0.47690217391304346 0.5636070853462157 0.396286231884058 0.5748792270531401 0.38269927536231885 0.572463768115942 0.37681159420289856 0.5676328502415459 0.3695652173913043 0.5458937198067633 0.365036231884058 0.48711755233494364 0.36594202898550726 0.4194847020933977 0.3596014492753623 0.37278582930756843 0.3596014492753623 0.36553945249597425 0.36367753623188404 0.35104669887278583 0.37681159420289856 0.3309178743961353 0.38315217391304346 0.3164251207729469 0.39311594202898553 0.30998389694041867 0.4470108695652174 0.2971014492753623
0 0.4065929199606449 0.31507418204658205 0.40198048738632336 0.3175589942078326 0.3983464496004943 0.32352254339483416 0.39792713754828324 0.33197090474308644 0.4025395701226048 0.33048001744633604 0.40184071670225296 0.3242679870432094 0.4056145251721524 0.3222801373142089
0 0.42769829325526754 0.31010455772408074 0.41959159357918735 0.3153226632627071 0.41973136426325763 0.3242679870432094 0.42168815384024255 0.3277467240689603 0.42448356752164956 0.32501343069158456 0.42560173299421233 0.32153469366583365 0.42965508283225246 0.3220316560980838 0.4264403570986344 0.3165650693433324
0 0.44628779423662396 0.3066258206983298 0.4377617825083327 0.3138317759659567 0.43929926003310654 0.3205407688013335 0.4432128391870763 0.32004380636908336 0.4461480235525536 0.31432873839820685
0 0.4664147727427543 0.3019046775919536 0.4592864678551664 0.30886215164345543 0.45984555059144777 0.3183044378562078 0.46333981769320653 0.3170620317755825 0.46543637795426174 0.3145772196143319
0 0.4869610633010955 0.3016561963758285 0.47913390499315595 0.30687430191445486 0.48011229978164843 0.3158196256949572 0.4817895479904926 0.31507418204658205 0.4844451909878292 0.31010455772408074 0.48626220988074376 0.30960759529183063 0.487520146037377 0.3024016400242037 0.48668152193295483 0.3019046775919536
0 0.5069482711231553 0.2976804969178275 0.4970245525541606 0.30538341461770446 0.4974438646063717 0.3125893698853313 0.5019165264966228 0.3143287383982068 0.5051312522302408 0.3081167079950802 0.5072278124912961 0.30985607650795566 0.5094641434364217 0.30339556488870395 0.5066687297550148 0.30538341461770446
0 0.5263763962089338 0.30091075272745327 0.5181299258487833 0.30215315880807864 0.5182696965328537 0.31234088866920623 0.5216241929505421 0.3138317759659567 0.5241400652638083 0.3115954450208311 0.5266559375770746 0.31060152015633086 0.5262366255248635 0.30761974556283006
0 0.54482612650622 0.30016530907907807 0.5416114007726018 0.3014077151597035 0.5397943818796873 0.30488645218545435 0.5375580509345618 0.30588037704995463 0.5378375923027026 0.3108500013724559 0.5413318594044613 0.3123408886692063 0.5452454385584311 0.3101045577240807 0.5462238333469235 0.3063773394822047
0 0.5642542515919984 0.30215315880807864 0.5585236535451141 0.3038925273209541 0.5590827362813955 0.3115954450208311 0.5627167740672245 0.3125893698853313 0.5676087480096867 0.31060152015633086 0.5680280600618979 0.3063773394822047 0.5657917291167723 0.30364404610482904
0 0.5843812300981287 0.3006622715113283 0.5768336131583298 0.30314708367257887 0.5769733838424002 0.31383177596595674 0.5792097147875258 0.3158196256949572 0.5815858164167217 0.3125893698853313 0.5856391662547616 0.31184392623695617 0.5860584783069728 0.3078682267789551 0.5839619180459175 0.30364404610482904
0 0.6063252274971735 0.2984259405662027 0.5969605916644601 0.30389252732095406 0.5966810502963193 0.31109848258858097 0.6017127949228519 0.3123408886692063 0.6036695844998369 0.30911063285958046 0.6066047688653141 0.30935911407570554 0.6077229343378769 0.3066258206983298 0.6061854568131032 0.3009107527274533
0 0.6264522060033038 0.30041379029520315 0.6194636717997862 0.3024016400242037 0.6194636717997862 0.3130863323175815 0.6211409200086304 0.3130863323175815 0.6223988561652637 0.30985607650795566 0.6285487662643588 0.3115954450208311 0.62896807831657 0.30687430191445486 0.6271510594236553 0.30265012124032875
0 0.6490950568227002 0.299668346646828 0.6437837708280268 0.30538341461770446 0.6381929434652129 0.30563189583382955 0.6391713382537055 0.3170620317755825 0.6412678985147606 0.31482570083045697 0.6422462933032531 0.3123408886692063 0.6451814776687305 0.311346963804706 0.6468587258775746 0.30911063285958046 0.6495143688749113 0.3058803770499546