1 0.6689311594202898 0.2898550724637681 0.6725543478260869 0.2898550724637681 0.6757246376811594 0.2946859903381642 0.6770833333333334 0.31239935587761675 0.676177536231884 0.3389694041867955 0.6707427536231884 0.3639291465378422 0.6716485507246377 0.4444444444444444 0.6770833333333334 0.4742351046698873 0.6766304347826086 0.5104669887278583 0.6730072463768116 0.5555555555555556 0.6594202898550725 0.571658615136876 0.6494565217391305 0.5748792270531401 0.6467391304347826 0.5813204508856683 0.6440217391304348 0.5813204508856683 0.6435688405797102 0.57085346215781 0.6381340579710145 0.5668276972624798 0.5932971014492754 0.5611916264090178 0.5262681159420289 0.5603864734299517 0.3999094202898551 0.5748792270531401 0.3804347826086957 0.573268921095008 0.3754528985507246 0.5668276972624798 0.370018115942029 0.5450885668276972 0.3691123188405797 0.5193236714975845 0.365036231884058 0.48792270531400966 0.36594202898550726 0.41545893719806765 0.3596014492753623 0.36553945249597425 0.3641304347826087 0.35185185185185186 0.36239903981588106 0.33345253661149854 0.36522905400967104 0.3113714382105695 0.3745052116448715 0.30326571854440565 0.3854166666666667 0.31561996779388085 0.40806159420289856 0.3059581320450886 0.48007246376811596 0.2938808373590982 0.6227355072463768 0.2938808373590982 0.6598731884057971 0.29307568438003223
0 0.3875547215384586 0.33065746086454556 0.3844102613231364 0.32171321847429585 0.38220913917241084 0.3242287866465535 0.38205191616164474 0.3273033699682019 0.38205191616164474 0.3418377638523577
0 0.40861714368116636 0.3225719133690085 0.4063413013619294 0.31558346826751343 0.39785861635386477 0.324410977869402 0.3986861953790418 0.3358131777718412 0.4036516695301041 0.3358131777718412 0.4026171957486328 0.3295603584705035 0.4044792485552811 0.324410977869402
0 0.4281821148539726 0.31944171726847254 0.4263005864145641 0.31633570206690925 0.4267037710801516 0.3103625959100567 0.4194464470995758 0.31466323234299054 0.4197152368766342 0.3242202021939546 0.42347829375545126 0.3261315961641474
0 0.4460566350283538 0.31514108083553877 0.4437719219233577 0.31896386877592436 0.4408152343757157 0.3206363384998431 0.4393368906018947 0.31729139905200565 0.4393368906018947 0.31322968686534597 0.4422935781495367 0.31060152015633086 0.4441751065889452 0.30892905043241214 0.44645981969394133 0.3065398079696711 0.4465942145824705 0.308690126186138 0.44551905547423704 0.31155721714142726
0 0.4658437281390935 0.3049205364512033 0.46366098317370685 0.30532900334531077 0.4605591876965785 0.30859673849817026 0.46032942506864305 0.31533644225094304 0.46067406901054625 0.3179914770626414 0.4625121700340297 0.3167660763803191 0.463201457917836 0.3149279753568356 0.46446515237148095 0.31349834122745956 0.46641813470893206 0.31431527501567447 0.4659586094530612 0.30920943883933144
0 0.48709677122312117 0.31002637262754634 0.48548843282757315 0.3055332367923645 0.48583307676947624 0.30349090232182724 0.4856033141415409 0.3024697350865587 0.48284616260631563 0.3026739685336124 0.4803187736990258 0.30553323679236444 0.47974436712918733 0.3094136722863851 0.4803187736990259 0.3134983412274595 0.4812378242107676 0.3149279753568356 0.48284616260631563 0.31247717399219094 0.4841098570599605 0.31043483952165374 0.48514378888567006 0.30920943883933144
0 0.5081200516792135 0.3092094388393314 0.50628195065573 0.3090052053922777 0.5040992056903433 0.31043483952165374 0.5024908672947952 0.3122729405451372 0.5023759859808274 0.31370257467451323 0.5006527662713118 0.3137025746745133 0.49984859707353774 0.31104753986281497 0.49835513999195746 0.30900520539227777 0.4982402586779897 0.30655440402763307 0.49927419050369926 0.30451206955709587 0.5019164607249568 0.3026739685336124 0.5045587309462143 0.30124433440423637 0.5069712385395363 0.2998147002748603 0.5080051703652457 0.30328666887477357 0.5073158824814393 0.30451206955709587
0 0.5278796376816608 0.3114560067569224 0.5263861806000805 0.31063907296870746 0.5242034356346938 0.3110475398628149 0.523743910378823 0.3128856408862984 0.5213314027855009 0.31349834122745956 0.5194933017620175 0.312477173992191 0.5193784204480498 0.31125177330986864 0.5183444886223403 0.3102306060746 0.5183444886223403 0.30655440402763307 0.5183444886223403 0.3034909023218273 0.5196081830759851 0.30144856785129004 0.5232843851229521 0.30246973508655867 0.5248927235185 0.3018570347453975 0.5262712992861127 0.30328666887477357 0.5259266553442096 0.3061459371335256 0.5278796376816608 0.3090052053922777
0 0.546490410544431 0.30982213918049256 0.5425844458695286 0.30982213918049256 0.5415505140438192 0.31186447365102976 0.5406314635320775 0.3120687070980835 0.5387933625085939 0.3120687070980835 0.5378743119968522 0.31084330641576113 0.5376445493689168 0.30859673849817026 0.5376445493689168 0.3063501705805794 0.5398272943343034 0.30512476989825704 0.5413207514158838 0.30206126819245127 0.5433886150673026 0.3002231671689678 0.545686241346657 0.30001893372191407 0.5460308852885601 0.30389936921593474 0.5467201731723664 0.30594170368647194
0 0.5672839283725879 0.3120687070980836 0.5640672515814917 0.31186447365102976 0.5610803374183312 0.3128856408862984 0.5595868803367509 0.3128856408862984 0.5583231858831059 0.31145600675692237 0.5582083045691382 0.30859673849817026 0.5585529485110412 0.3047163030041496 0.5607356934764278 0.3047163030041496 0.5634928450116531 0.30308243542771984 0.566364877860846 0.3028782019806661 0.566364877860846 0.3063501705805794 0.5672839283725878 0.30859673849817026
0 0.5799208729090368 0.31329410778040584 0.5785422971414242 0.31329410778040584 0.5772786026877791 0.3110475398628149 0.5770488400598438 0.30737133781584797 0.5770488400598438 0.3049205364512033 0.5791167037112627 0.3043078361100422 0.5817589739325202 0.3028782019806661 0.58428636283981 0.30104010095718264 0.5848607694096485 0.3055332367923645 0.5846310067817131 0.3077798047099554 0.5846310067817131 0.3102306060746 0.5835970749560037 0.3110475398628149 0.5808399234207784 0.3130898743333521
0 0.6050798806679668 0.3006316340630752 0.6018632038768708 0.3016528012983438 0.5980721205159361 0.30410360266298847 0.5973828326321298 0.30471630300414965 0.5974977139460975 0.30859673849817026 0.5983018831438716 0.3102306060746 0.6000251028533873 0.3116602402039761 0.6009441533651291 0.3149279753568356 0.6034715422724188 0.31125177330986864 0.6049649993539992 0.30941367228638517 0.6082965574590629 0.31043483952165374 0.6069179816914503 0.3057374702394182 0.6065733377495471 0.3016528012983438
0 0.6254138732402529 0.3008358675101289 0.6227716030189953 0.3018570347453975 0.6193251635999637 0.3018570347453975 0.6195549262278992 0.3075755712629017 0.6201293327977377 0.31349834122745956 0.620473976739641 0.3155406756979967 0.6233460095888339 0.31063907296870746 0.6263329237519946 0.3102306060746 0.6280561434615102 0.31145600675692237 0.6281710247754779 0.30839250505111654 0.627366855577704 0.30553323679236444 0.6267924490078653 0.3016528012983438
0 0.6478157294639577 0.3016528012983438 0.6441395274169907 0.30389936921593474 0.6390847496024111 0.3049205364512033 0.6389698682884434 0.3079840381570091 0.6385103430325725 0.3149279753568356 0.6391996309163789 0.3202380449802323 0.6425311890214426 0.3143152750156744 0.6437948834750875 0.31145600675692237 0.6455181031846032 0.3102306060746 0.6480454920918931 0.3061459371335256