1 0.5377527552380033 0.2938808373590982 0.6405607262524959 0.2938808373590982 0.6690933349481482 0.29549114331723025 0.6718107262524959 0.29790660225442833 0.675433914658293 0.3252818035426731 0.6749810161075684 0.3421900161030596 0.6704520306003221 0.36553945249597425 0.6722636248032207 0.44605475040257647 0.6763397117597424 0.46618357487922707 0.6772455088611916 0.4887278582930757 0.675433914658293 0.5289855072463768 0.6713578277017713 0.5595813204508857 0.6586766682814815 0.571658615136876 0.6333143494409018 0.5636070853462157 0.5753433349481482 0.5603864734299517 0.47027087118003225 0.5644122383252818 0.4313215958177134 0.572463768115942 0.39871290016553945 0.5748792270531401 0.380596958136554 0.573268921095008 0.37561507407858297 0.5668276972624798 0.369274494368438 0.5434782608695652 0.36836869726698873 0.5169082125603864 0.36474550886119167 0.4887278582930757 0.3665571030640902 0.4178743961352657 0.36248101610756844 0.3961352657004831 0.3602165233539453 0.3647342995169082 0.364292610310467 0.3502415458937198 0.37923826248438003 0.3309178743961353 0.38286145089017715 0.3172302737520129 0.39961869726698873 0.30917874396135264 0.44536145089017715 0.29871175523349436
0 0.40701223201285597 0.3142392851604018 0.3969822877239677 0.32276716049781407 0.398145179815433 0.33439608141246707 0.40236066364699474 0.3346545018772371 0.40206994062412843 0.3253513651455147 0.40410500178419273 0.3230255809625841 0.40643078596712334 0.3238008423568943
0 0.4475680937027084 0.3054529893582195 0.43753814941382013 0.31372244423086165 0.4392824875510181 0.32044137631488345 0.44262580231398085 0.3212166377091936 0.44509694800834465 0.3170819102728726 0.44655056312267627 0.315014546554712
0 0.4653021980975543 0.30183510285143855 0.4594877376402277 0.30803719400592017 0.45963309915166084 0.31940769445580314 0.46210424484602464 0.31940769445580314 0.46486611356325475 0.3132056033013215 0.466755813211886 0.31191350097747117 0.46675581321188586 0.30596983028775965
0 0.4856528096981971 0.30028458006281816 0.47823937261510574 0.3051945688934495 0.47925690319513786 0.31398086469563175 0.48216413342380116 0.3157898079490222 0.4834723870266996 0.3103629781888508 0.4853620866753307 0.3095877167945406
0 0.42687987154418644 0.3116245975845912 0.41931839233808965 0.3156399285338605 0.420005799538644 0.3247180680713388 0.4243266447992706 0.3259401253167686 0.42707627360148764 0.32087731672855957
0 0.505342493436021 0.2990548659173136 0.49679900394341825 0.30481599293148254 0.4976828132012738 0.3114500179781013 0.5010216481753943 0.3147670305014107 0.5052442924073705 0.30952964230671165 0.5079939212095874 0.3084821646677719 0.5086813284101417 0.3048159929314826
0 0.5252773022520941 0.30097524158870326 0.5184032302465518 0.3048159929314826 0.5184032302465518 0.3097042219132016 0.5202690497909133 0.31337039364949093 0.5241970909369376 0.31337039364949093 0.5262593125386003 0.3100533811261816 0.5257683073953471 0.30341935607956283
0 0.5463905234119746 0.2980073882783738 0.5413822709507935 0.30027692316274346 0.5387308431772273 0.3060380501769123 0.5369632246615162 0.30708552781585213 0.5370614256901668 0.3102279607326715 0.5403020596356369 0.31057711994565146 0.5415786730080947 0.3123229160105512 0.5460959203260226 0.30952964230671165 0.5464887244406251 0.3060380501769123
0 0.5643613116550356 0.3027210376536029 0.5582728478786979 0.30376851529254273 0.5590584561079028 0.3109262791586314 0.5596476622798064 0.31179917719108124 0.5681911517724092 0.3102279607326715 0.5678965486864573 0.30533973175095247 0.5656379250274933 0.30568889096393237
0 0.5858673369295182 0.2999277639497634 0.5803680793250844 0.3013244008016832 0.5766364402363614 0.30324477647307285 0.5779130536088192 0.30848216466777184 0.5781094556661204 0.31337039364949093 0.5799752752104819 0.3149416101079006 0.5826267029840483 0.3098788015196916 0.5854745328149158 0.30795842584830196 0.5844925225284098 0.3044668337185026
0 0.6030525169433744 0.2995786047367835 0.5988298727113984 0.30376851529254273 0.5966694500810851 0.30481599293148254 0.5972586562529888 0.30952964230671165 0.5998118829979044 0.31162459758459127 0.6020705066568685 0.31162459758459127 0.6038381251725793 0.3067363686028722 0.6075697642613024 0.30952964230671165 0.6077661663186036 0.30691094820936216 0.6062931508888445 0.3004515027692334
0 0.6268171658768212 0.2997531843432735 0.6195502897566764 0.30289561726009295 0.6189610835847726 0.3097042219132016 0.6195502897566763 0.3123229160105511 0.6221035165015921 0.3119737567975712 0.6244603411892066 0.30952964230671165 0.6279955782206286 0.31075169955214144 0.6288793874784839 0.3104025403391615 0.6288793874784839 0.30848216466777184 0.6273081710200742 0.3041176745055227
0 0.6427257325182194 0.30254645804711294 0.6400743047446532 0.30533973175095247 0.6389940934294964 0.3083075850612819 0.6385030882862434 0.31424329168194076 0.639092294458147 0.3187823614506799 0.6427257325182195 0.3114500179781013 0.6453771602917859 0.3109262791586314 0.6464573716069425 0.307783846241812 0.647832186008051 0.30568889096393237 0.6487159952659064 0.3002769231627434 0.6441005469193279 0.3039430948990327