1 0.6032608695652174 0.4573268921095008 0.6245471014492754 0.4605475040257649 0.6313405797101449 0.46618357487922707 0.634963768115942 0.47342995169082125 0.646286231884058 0.48148148148148145 0.6476449275362319 0.5048309178743962 0.6526268115942029 0.5096618357487923 0.6557971014492754 0.5177133655394525 0.65625 0.5458937198067633 0.6530797101449275 0.5789049919484702 0.6557971014492754 0.6111111111111112 0.654891304347826 0.6336553945249598 0.646286231884058 0.6819645732689211 0.6471920289855072 0.6964573268921095 0.644927536231884 0.7085346215780999 0.6403985507246377 0.7214170692431562 0.6340579710144928 0.7310789049919485 0.6218297101449275 0.7375201288244766 0.5557065217391305 0.7351046698872786 0.47192028985507245 0.7423510466988728 0.4107789855072464 0.7560386473429952 0.391304347826087 0.7689210950080515 0.37817028985507245 0.7689210950080515 0.36684782608695654 0.7632850241545893 0.36367753623188404 0.7584541062801933 0.3500905797101449 0.6827697262479872 0.3496376811594203 0.6578099838969405 0.3446557971014493 0.6352657004830918 0.34057971014492755 0.5797101449275363 0.33152173913043476 0.5442834138486312 0.3183876811594203 0.5104669887278583 0.3197463768115942 0.5040257648953301 0.328804347826087 0.4919484702093398 0.34057971014492755 0.4806763285024155 0.3541666666666667 0.47342995169082125 0.41530797101449274 0.47665056360708535 0.5240036231884058 0.46215780998389694
0 0.36428768342669515 0.4973759549840653 0.3539496150782966 0.4888757654531598 0.3522696789716818 0.4953083413143856 0.3538203892239416 0.4992138338015585 0.3574387131458811 0.5003625080624915 0.36144471463088557 0.5042680005496644 0.3635123283005653 0.5024301217321713
0 0.3859976269583322 0.49553807616657214 0.3769518171534834 0.4911731139750261 0.37436730006638375 0.4953083413143856 0.37449652592073873 0.5010517126190515 0.3795363342405831 0.5038085308452911 0.3858684011039772 0.5024301217321713
0 0.40951673245093895 0.4987543640971851 0.39775717970463553 0.49370019734907916 0.39620646945237575 0.5003625080624915 0.39762795385028055 0.5031193262887312 0.4056399568202895 0.5051869399584109
0 0.4296759657303162 0.4934704624968925 0.4216639627603073 0.4920920533837726 0.41895021981885266 0.4982948943928119 0.41920867152756264 0.5040382656974778 0.4264453193714417 0.5035787959931044 0.42993441743902616 0.499443568653745
0 0.44867216632049856 0.4930109927925192 0.4436323580006543 0.48956497000971966 0.4401432599330698 0.494389401905639 0.4402724857874248 0.5001327732103049 0.445441519961624 0.5012814474712382
0 0.4707697874152006 0.48910550030534633 0.46069017077551194 0.4842810684094271 0.4612070741929319 0.49002443971409293 0.45875178296018726 0.49324072764470583 0.460690170775512 0.49645701557531874 0.4658592049497113 0.4971462201318787 0.4716743683956855 0.4895649700097197
0 0.49028289142280296 0.48726762148785324 0.482141662598439 0.4842810684094271 0.482012436744084 0.4884162957487865 0.4782648869677895 0.4939299322012658 0.4860184382290885 0.4948488716100123
0 0.5121220608087949 0.48497027296598694 0.5032054768583012 0.48060531077444085 0.5010086373342665 0.4812945153310008 0.5017839924603964 0.4861189472269202 0.49997483049942665 0.4895649700097197 0.5035931544213661 0.48956497000971966 0.5059192197997557 0.49461913675782565 0.5085037368868554 0.49002443971409304 0.511605157391375 0.48749735634004
0 0.5317643906707523 0.48313239414849385 0.5240108394094533 0.4789971668091344 0.5238816135550983 0.4833621290006805 0.5231062584289684 0.48726762148785335 0.526336904787843 0.48726762148785335 0.5278876150401027 0.4909433791228395 0.5295675511467175 0.48795682604441326
0 0.5510190429696445 0.4780782274003879 0.5444285243975406 0.4744024697654017 0.5453331053780254 0.4792269016613211 0.5445577502518955 0.48290265929630727 0.5441700726888307 0.4874973563400399 0.5463669122128653 0.4902541745662796 0.5511482688239996 0.4854297426703602
0 0.5722120830838616 0.4789971668091345 0.570015243559827 0.4766998182872681 0.5652338869486927 0.4766998182872681 0.5657507903661126 0.4810647804788142 0.5689814367249872 0.4833621290006806 0.5689814367249872 0.4879568260444132 0.5727289865012817 0.4854297426703602
0 0.5865561529172647 0.4753214091741483 0.5864269270629098 0.479916106217881 0.58487621681065 0.48405133355724045 0.5881068631695245 0.49117311397502617 0.5918544129458191 0.4907136442706529 0.592629768071949 0.48060531077444096
0 0.6042600949638973 0.47601061373070824 0.6049062242356722 0.48083504562662754 0.6032262881290574 0.4861189472269202 0.606586160342287 0.48703788663566666 0.6121428720795513 0.49002443971409293 0.6134351306231011 0.4895649700097197 0.6129182272056811 0.482443189591934 0.6076199671771269 0.4785376971047612 0.6046477725269622 0.4771592879916414