1 0.5756340579710145 0.4581320450885668 0.6100543478260869 0.4581320450885668 0.6259057971014492 0.46215780998389694 0.6304347826086957 0.4677938808373591 0.6336050724637681 0.4774557165861514 0.6336050724637681 0.49516908212560384 0.6426630434782609 0.500805152979066 0.6521739130434783 0.5112721417069244 0.654891304347826 0.5177133655394525 0.6553442028985508 0.5410628019323671 0.6521739130434783 0.5772946859903382 0.6535326086956522 0.604669887278583 0.6526268115942029 0.6376811594202898 0.6503623188405797 0.6578099838969405 0.646286231884058 0.6739130434782609 0.6458333333333334 0.6972624798711755 0.6403985507246377 0.7190016103059581 0.6354166666666666 0.7286634460547504 0.6213768115942029 0.7375201288244766 0.5575181159420289 0.7351046698872786 0.4678442028985507 0.7431561996779388 0.4098731884057971 0.7568438003220612 0.3894927536231884 0.7697262479871175 0.37681159420289856 0.7689210950080515 0.36820652173913043 0.7648953301127214 0.36367753623188404 0.7592592592592593 0.3496376811594203 0.6827697262479872 0.348731884057971 0.6561996779388084 0.3432971014492754 0.6320450885668277 0.338768115942029 0.5797101449275363 0.33106884057971014 0.5483091787439613 0.3183876811594203 0.5144927536231884 0.317481884057971 0.5072463768115942 0.3188405797101449 0.5040257648953301 0.3283514492753623 0.49114331723027377 0.34057971014492755 0.4806763285024155 0.3555253623188406 0.47342995169082125 0.4148550724637681 0.47665056360708535 0.47056159420289856 0.4677938808373591
0 0.3655435000312033 0.4975234829576425 0.35485233529910787 0.48997677844086934 0.3532801051914468 0.493330869337213 0.35406622024527734 0.49808249810703314 0.35673901142830117 0.5014365890033767 0.36129847874051835 0.5036726496009393
0 0.37733522583866147 0.49249234661312696 0.3738763196018071 0.4972439753829472 0.3771780028278953 0.5042316647503298 0.3812658011078142 0.503393142026244 0.3844102613231364 0.502554619302158 0.3859824914307975 0.49780299053233784 0.38378136928007195 0.4952874223600801
0 0.4095659430457138 0.49892102083111906 0.3985603322920862 0.49444889963599414 0.39745977121672343 0.4997595435552049 0.3977742172382556 0.5039521571756346 0.40453480670119824 0.5059087101985017
0 0.4303193804668402 0.493330869337213 0.4227726759500669 0.4922128390384317 0.4197854387455109 0.49808249810703314 0.419942661756277 0.5028341268768534 0.42811825831611466 0.5014365890033767
0 0.4484000267049427 0.49416939206129884 0.4432116673496611 0.4888587481420881 0.44006720713433894 0.49472840721068945 0.44006720713433894 0.49920052840581436 0.44541278950038665 0.5011570814286815
0 0.4715118092875607 0.4908153011649552 0.4652228888569164 0.4969644678082519 0.4576761843401431 0.49500791478538475 0.4606634215446992 0.4908153011649552 0.4619212056308281 0.4835481042228773
0 0.4903785705794938 0.4877407178433069 0.48173130498735783 0.4835481042228773 0.4806307439119951 0.493330869337213 0.4859763262780427 0.49444889963599414
0 0.5134903531621118 0.4852251496710491 0.5013841813331215 0.4785169678783618 0.5004408432685248 0.4888587481420881 0.5053147566022741 0.4891382557167834 0.5068869867099353 0.4958464375094707 0.5084592168175963 0.48969727086617393 0.5108175619790879 0.4894177632914787
0 0.5309421073571499 0.4829890890734866 0.5230809568188444 0.4771194300048852 0.5235526258511428 0.48466613452165846 0.529684323271021 0.4880202254180021 0.5314137763894483 0.4835481042228773
0 0.551381098756744 0.479634998177143 0.5452494013368658 0.47572189213140875 0.5435199482184386 0.4815915512000101 0.5446205092938013 0.4869021951192209 0.5480794155306558 0.4888587481420881 0.551223875745978 0.48550465724574443
0 0.5682039609087177 0.47600139970610406 0.5658456157472261 0.4779579527289711 0.5647450546718633 0.4829890890734866 0.5697761910163788 0.4874612102686115 0.5727634282209348 0.4835481042228773 0.5727634282209348 0.4787964754530571
0 0.5865990531683526 0.4751628769820182 0.5856557151037558 0.48215056634940073 0.587385168222183 0.48969727086617404 0.5913157434913356 0.48969727086617393 0.5921018585451663 0.47991450575183825
0 0.604679699406455 0.47544238455671345 0.6026358002664955 0.48466613452165846 0.6071952675787128 0.48634317996983034 0.6109686198370994 0.4891382557167834 0.6144275260739538 0.48969727086617393 0.6112830658586315 0.48075302847592427