1 0.5629528985507246 0.45974235104669886 0.6118659420289855 0.45974235104669886 0.6218297101449275 0.463768115942029 0.6277173913043478 0.4726247987117552 0.6345108695652174 0.49597423510466987 0.654891304347826 0.5177133655394525 0.6557971014492754 0.5402576489533011 0.6526268115942029 0.5797101449275363 0.6535326086956522 0.6352657004830918 0.6512681159420289 0.6561996779388084 0.646286231884058 0.6755233494363929 0.644927536231884 0.7053140096618358 0.6367753623188406 0.7278582930756844 0.6317934782608695 0.7334943639291466 0.6209239130434783 0.7383252818035426 0.5471014492753623 0.7351046698872786 0.4701086956521739 0.7423510466988728 0.41983695652173914 0.7528180354267311 0.384963768115942 0.7665056360708534 0.37273550724637683 0.7648953301127214 0.3645833333333333 0.7584541062801933 0.3500905797101449 0.6835748792270532 0.3491847826086957 0.6561996779388084 0.3451086956521739 0.6360708534621579 0.3401268115942029 0.5805152979066023 0.33152173913043476 0.5426731078904992 0.32019927536231885 0.5104669887278583 0.32019927536231885 0.5040257648953301 0.32472826086956524 0.4943639291465378 0.338768115942029 0.48148148148148145 0.353713768115942 0.47342995169082125 0.40851449275362317 0.47665056360708535
0 0.36583415441269873 0.4983241171554241 0.3533270038344868 0.48720664997479113 0.352591289094592 0.4947272895381604 0.3592127217536454 0.5029018977592141 0.36325915282306687 0.5042098350745825
0 0.38496273764996397 0.4953812581958447 0.3753984460313313 0.48982252460552833 0.37650201814117357 0.4957082425246869 0.3744788026064628 0.4983241171554241 0.3759502320862525 0.5038828507457405 0.38238773606033216 0.5061717410476354 0.3862502384447799 0.5022479291015297
0 0.4081377519566508 0.49701617984005547 0.39691810217325485 0.4930923678939497 0.39765381691314966 0.4976701484977397 0.39507881532351774 0.5035558664168983 0.4009645332426763 0.5035558664168983 0.4035395348323082 0.507479678363004 0.4070341798468085 0.5038828507457405 0.4088734666965456 0.5035558664168983
0 0.42892169335867947 0.4917844305785812 0.4193574017400468 0.48982252460552833 0.42101275990481013 0.4973431641688976 0.418621687000152 0.5035558664168983 0.42377169017941574 0.5038828507457405 0.4263466917690476 0.5051907880611091 0.43002526546852166 0.5012669761150033
0 0.44896992002081326 0.49113046192089693 0.4423484873617599 0.4885145872901598 0.44032527182704906 0.49865110148426617 0.4458431323762603 0.5012669761150033 0.44896992002081326 0.49701617984005547
0 0.4704895761627368 0.4930923678939497 0.46405207218865707 0.49897808581310826 0.4587181403244196 0.49538125819584483 0.46074135585913034 0.48295585369984345 0.4699377901078156 0.48916855594784414
0 0.48925030203005465 0.4881876029613177 0.48593958570052787 0.4944003052093184 0.48060565383629056 0.4944003052093184 0.4817092259461327 0.4858987126594227
0 0.5118735302818203 0.4823018850421591 0.5004699518134507 0.4780510887672112 0.5019413812932403 0.4839368066863698 0.49973423707355574 0.4901495089343705 0.5037806681429773 0.49113046192089693 0.5052520976227669 0.4930923678939497 0.5118735302818203 0.4865526813171069
0 0.5311860422040593 0.4842637910152119 0.5243806808600322 0.4777241044383691 0.522725322695269 0.4878606186324755 0.526955682449664 0.4858987126594226 0.5291628266693486 0.4901495089343705
0 0.5523378409760353 0.47739712010952695 0.5436931927822711 0.47510822980763195 0.5433253354123238 0.48753363430363333 0.5468199804268242 0.48720664997479124 0.5482914099066138 0.48949554027668624 0.5517860549211143 0.4878606186324755
0 0.5722021389531954 0.479686010411422 0.5696271373635635 0.47510822980763195 0.5648449915542472 0.47510822980763195 0.5631896333894839 0.4858987126594226 0.5674199931438791 0.4842637910152119 0.5674199931438791 0.48753363430363333 0.5716503528982744 0.4862256969882648
0 0.5926182229852767 0.47903204175373765 0.588020005860934 0.4757621984653163 0.5837896461065388 0.4878606186324755 0.5867325050661181 0.4878606186324755 0.5885717919158551 0.4917844305785812 0.5924342943003029 0.4908034775920548
0 0.6137700217572527 0.48524474400173834 0.6065968030432782 0.47739712010952695 0.6023664432888829 0.48949554027668624 0.6082521612080416 0.4865526813171069 0.6097235906878312 0.491457446249739 0.6143218078121738 0.4898225246055283