1 0.4157608695652174 0.249597423510467 0.45153985507246375 0.2560386473429952 0.4692028985507246 0.26247987117552335 0.5081521739130435 0.26006441223832527 0.5416666666666666 0.26570048309178745 0.7472826086956522 0.2745571658615137 0.7721920289855072 0.2785829307568438 0.7839673913043478 0.285829307568438 0.7875905797101449 0.2922705314009662 0.7844202898550725 0.33172302737520126 0.7880434782608695 0.3888888888888889 0.7785326086956522 0.4742351046698873 0.78125 0.5064412238325282 0.7780797101449275 0.5297906602254429 0.7767210144927537 0.5628019323671497 0.7767210144927537 0.5821256038647343 0.7789855072463768 0.5974235104669887 0.7771739130434783 0.6127214170692431 0.7717391304347826 0.6183574879227053 0.7432065217391305 0.6006441223832528 0.6480978260869565 0.5789049919484702 0.5240036231884058 0.5684380032206119 0.4270833333333333 0.5684380032206119 0.39221014492753625 0.5644122383252818 0.38768115942028986 0.5611916264090178 0.3845108695652174 0.5563607085346216 0.38179347826086957 0.5450885668276972 0.38269927536231885 0.49516908212560384 0.3795289855072464 0.4677938808373591 0.37817028985507245 0.4138486312399356 0.379981884057971 0.3679549114331723 0.3736413043478261 0.3172302737520129 0.3736413043478261 0.3003220611916264 0.37726449275362317 0.27616747181964574 0.38179347826086957 0.2608695652173913
0 0.41917347305507313 0.2668192123351877 0.41843775831517827 0.2844763660926633 0.43370383916799576 0.27532080488508337
0 0.44061485048016114 0.28074037631213683 0.4472362831392145 0.2840102196005582 0.44631663971434593 0.2918578434927696 0.4595595050324528 0.2830292666140318 0.46047914845732124 0.278778470339084 0.44962735604387266 0.27354672107760974 0.44153449390502963 0.26831497181613545
0 0.4701086956521739 0.28019323671497587 0.4805253623188406 0.2809983896940419 0.48596014492753625 0.285829307568438 0.4723731884057971 0.2971014492753623 0.46875 0.2922705314009662 0.47192028985507245 0.2882447665056361
0 0.49728260869565216 0.28180354267310787 0.4990942028985507 0.29549114331723025 0.5104166666666666 0.286634460547504
0 0.5420378346175078 0.2851303347503476 0.5308181848341118 0.2916700213271905 0.5247485382299796 0.29036208401182184 0.5267717537646903 0.27760969518697837
0 0.5573039154703254 0.29461288028676974 0.569994994733511 0.2857843034080319 0.555648557305562 0.2825144601196105
0 0.5867325050661182 0.29461288028676974 0.592986080355224 0.292977958642559 0.59923965564433 0.28938113102529545 0.6029182293438041 0.28709224072340045 0.5806628584619858 0.28316842877729476 0.5806628584619858 0.29363192730024334 0.5847092895314073 0.2887271623676112
0 0.6159420289855072 0.28502415458937197 0.6317934782608695 0.285829307568438 0.634963768115942 0.29066022544283415 0.6163949275362319 0.30193236714975846 0.6154891304347826 0.2971014492753623 0.6123188405797102 0.29549114331723025 0.6123188405797102 0.28743961352657005
0 0.6413043478260869 0.28180354267310787 0.6503623188405797 0.2834138486312399 0.6639492753623188 0.2914653784219002 0.6480978260869565 0.30515297906602257 0.644927536231884 0.30515297906602257 0.6440217391304348 0.3003220611916264 0.6399456521739131 0.2995169082125604
0 0.677536231884058 0.285829307568438 0.6870471014492754 0.285829307568438 0.6911231884057971 0.29066022544283415 0.6770833333333334 0.3035426731078905 0.6725543478260869 0.2922705314009662 0.6734601449275363 0.28743961352657005
0 0.7200025229552186 0.29802188573845406 0.7130132329262178 0.29867585439613836 0.7073114436920328 0.307177446946034 0.7025292978827167 0.2990028387249805 0.7006900110329796 0.2967139484230854 0.7001382249780584 0.2875583872155055 0.7087828731718225 0.2869044185578213 0.7128293042412441 0.2908282305039269 0.7163239492557445 0.2895202931885584
0 0.7298290219756604 0.3027874885078233 0.734427239100003 0.30900019075582397 0.7360825972647663 0.3109620967288768 0.7390254562243457 0.3047493944808761 0.743071887293767 0.3067113004539289 0.7452790315134515 0.3018065355212968 0.7458308175683727 0.29395891162908544 0.7292772359207393 0.2897081153541376
0 0.7587058255165321 0.28938113102529545 0.7576022534066899 0.2965747862598226 0.7585218968315584 0.3027874885078233 0.7605451123662691 0.3063843161250868 0.7647754721206643 0.3063843161250868 0.7653272581755853 0.30900019075582397 0.7682701171351646 0.3014795511924547 0.7679022597652172 0.2926509743137169