1 0.23731884057971014 0.4492753623188406 0.2726449275362319 0.45410628019323673 0.30344202898550726 0.4533011272141707 0.32971014492753625 0.45652173913043476 0.49094202898550726 0.4581320450885668 0.5375905797101449 0.46296296296296297 0.5625 0.46215780998389694 0.5846920289855072 0.4694041867954911 0.5878623188405797 0.48389694041867953 0.582427536231884 0.5185185185185185 0.582427536231884 0.535426731078905 0.5865036231884058 0.5764895330112721 0.5865036231884058 0.5966183574879227 0.5801630434782609 0.644927536231884 0.5801630434782609 0.7206119162640902 0.5733695652173914 0.7592592592592593 0.5674818840579711 0.7665056360708534 0.5588768115942029 0.7705314009661836 0.4216485507246377 0.7640901771336553 0.31657608695652173 0.7657004830917874 0.2776268115942029 0.7705314009661836 0.2028985507246377 0.7689210950080515 0.20244565217391305 0.7584541062801933 0.20878623188405798 0.7528180354267311 0.2115036231884058 0.7447665056360708 0.20878623188405798 0.7334943639291466 0.19882246376811594 0.710950080515298 0.19293478260869565 0.6843800322061192 0.18931159420289856 0.6497584541062802 0.18885869565217392 0.605475040257649 0.17844202898550723 0.5619967793880838 0.17617753623188406 0.5434782608695652 0.17617753623188406 0.5040257648953301 0.1802536231884058 0.4806763285024155 0.18115942028985507 0.463768115942029 0.18342391304347827 0.4581320450885668 0.18840579710144928 0.45491143317230276
0 0.226270600993693 0.4676557119794381 0.21784053626573152 0.46595266860005197 0.2140086886621127 0.4805988416627729
0 0.2592244903848151 0.47855518960750953 0.24351391520997778 0.4635684078689113 0.24159799140816837 0.47480849417286 0.24792053995413946 0.47821458093163227 0.24562143139196818 0.4870704065044402
0 0.28432309218851853 0.4751491028487372 0.27704258174164276 0.4744678854969827 0.269378886534405 0.46867753800706985 0.2732107341380239 0.4792364069592639 0.2707200331956716 0.48468614577329966 0.2755098427001952 0.4891140585597037
0 0.3147862806372884 0.4761709288763689 0.3036739225867937 0.47548971152461444 0.296201819759737 0.4700399727105787 0.30194959116516523 0.482301885042159 0.2985009283219082 0.49149831929084425
0 0.3440999148049726 0.4799176243110185 0.33375392627520173 0.47208362476584215 0.3293473015310401 0.47038058138645594 0.33317914913465885 0.47889579828338674 0.3285809320103163 0.48468614577329966 0.3303052634319447 0.488092232532072 0.3442915071851535 0.4805988416627729
0 0.3678573699474095 0.48298310239391357 0.3615348214014383 0.47378666814522835 0.355978642376191 0.4826424937180362 0.3582777509383623 0.4938825800219849
0 0.3985121507763602 0.4816206676904046 0.38510068416369414 0.4727648421175966 0.38625023844477985 0.48196127636628183 0.382418390841161 0.4877516238561947 0.38759138510604646 0.48638918915268575 0.38950730890785595 0.49115771061496705
0 0.4266762306629588 0.48298310239391345 0.41460591071155944 0.47480849417285986 0.41747979641427346 0.48162066769040457 0.41268998690974995 0.4877516238561947 0.4169050192737307 0.4887734498838264 0.4169050192737307 0.49592623207724823
0 0.4538823486486527 0.48196127636628183 0.44238680583779605 0.4741272768211055 0.44391954487924357 0.48196127636628183 0.43817177347381525 0.4891140585597037 0.44526069154051023 0.49115771061496705
0 0.48262120567579403 0.48196127636628183 0.48051368949380363 0.47685214622812333 0.47208362476584215 0.4761709288763689 0.47016770096403265 0.4843455370974224 0.4682517771622233 0.4891140585597036 0.47476591808837537 0.4908171019390898
0 0.5132759865047448 0.4850267544491769 0.5113600627029352 0.4805988416627729 0.5033131827353358 0.4792364069592639 0.49948133513171683 0.47378666814522824 0.5006308894128025 0.482301885042159 0.4969906341893646 0.48945466723558084 0.5010140741731645 0.48945466723558084 0.5040795522560595 0.4955856234013711
0 0.539524142589534 0.4938825800219849 0.53875777306881 0.48604858047680854 0.5305193007210295 0.48196127636628183 0.5272622302579535 0.4921795366425988 0.529178154059763 0.49728866678075717 0.5332015940435627 0.5000135361877751
0 0.5640479672526945 0.48945466723558084 0.5548515330040094 0.48604858047680854 0.5571506415661805 0.4989917101601434 0.5621320434508851 0.5010353622154067