1 0.2341485507246377 0.4492753623188406 0.3944746376811594 0.4581320450885668 0.4891304347826087 0.4573268921095008 0.5366847826086957 0.46296296296296297 0.5683876811594203 0.46215780998389694 0.583786231884058 0.46859903381642515 0.5860507246376812 0.4742351046698873 0.5865036231884058 0.4863123993558776 0.5828804347826086 0.5265700483091788 0.5883152173913043 0.5853462157809984 0.5806159420289855 0.6553945249597424 0.5819746376811594 0.717391304347826 0.5765398550724637 0.7439613526570048 0.5751811594202898 0.7616747181964574 0.5697463768115942 0.7689210950080515 0.5625 0.7713365539452496 0.4615036231884058 0.7657004830917874 0.32653985507246375 0.7665056360708534 0.27309782608695654 0.7713365539452496 0.213768115942029 0.7689210950080515 0.2028985507246377 0.7713365539452496 0.20199275362318841 0.7584541062801933 0.21014492753623187 0.750402576489533 0.2115036231884058 0.7447665056360708 0.19791666666666666 0.7101449275362319 0.18795289855072464 0.6553945249597424 0.18704710144927536 0.6038647342995169 0.17753623188405798 0.5611916264090178 0.17572463768115942 0.5450885668276972 0.17527173913043478 0.5169082125603864 0.17844202898550723 0.4855072463768116 0.17798913043478262 0.4677938808373591 0.1816123188405797 0.4581320450885668 0.18795289855072464 0.4533011272141707
0 0.21931118551590748 0.47426993042760174 0.22728548177279187 0.46907370867121095 0.22307044940881116 0.4653270132365614 0.21444879230066874 0.4622615351536662 0.21962178656555417 0.4714579694023514
0 0.24332232282979713 0.4860485804768091 0.2513692027973967 0.4812800590145278 0.25864971324427255 0.47923640695926445 0.24542983901178747 0.4659526686000524 0.24274754568925427 0.46118414713777117 0.24178958378834955 0.4690181466829475 0.24523824663160648 0.47174301608996533 0.24006525236672105 0.47583032020049215 0.24600461615233032 0.47753336357987825
0 0.2739771036587478 0.48911405855970397 0.28336513028761395 0.47821458093163244 0.28144920648580457 0.47514910284873746 0.2753182503200144 0.4758303202004918 0.27244436461730026 0.47003997271057885 0.26822933225331946 0.47003997271057885 0.27263595699748117 0.4761709288763691 0.2676545551127767 0.48741101518031765
0 0.30214118354534636 0.4884328412079495 0.31612742729855514 0.4771927549040007 0.3109544330336697 0.4744678854969829 0.3057814387687843 0.47753336357987797 0.3019495911651654 0.47242423344171963 0.2975429664210037 0.4659526686000522 0.29945889022281313 0.4754897115246146 0.29888411308227025 0.4840049284215454
0 0.33260437199411624 0.48809223253207223 0.3435251376644299 0.48162066769040474 0.34084284434189666 0.47651153755224623 0.33375392627520184 0.47242423344171963 0.33260437199411613 0.473105450793474 0.3278145624895926 0.46867753800706996 0.3303052634319449 0.4771927549040007 0.3241743072661547 0.48570797180093156
0 0.3588525280789053 0.4911577106149672 0.36804896232759055 0.4843455370974227 0.36728259280686676 0.4795770156351414 0.36230119092216223 0.47174301608996505 0.3555954576158293 0.4710617987382106 0.3600020823599909 0.4792364069592641 0.35636182713655307 0.4840049284215454
0 0.3883577546267704 0.4928607539943533 0.393339156511475 0.4853673631250543 0.39832055839617947 0.48638918915268603 0.39755418887545574 0.47991762431101864 0.3912316403294846 0.4771927549040008 0.3854838689240563 0.4741272768211057 0.3854838689240563 0.47923640695926417 0.38337635274206594 0.4829831023939137
0 0.41690501927373097 0.4942231886978624 0.42725100780350167 0.4853673631250543 0.42590986114223517 0.48264249371803647 0.41690501927373086 0.4778739722557552 0.41518068785210244 0.4853673631250543 0.4113488402484835 0.4884328412079494
0 0.44411113725942475 0.49388258002198515 0.45407394102883375 0.48570797180093156 0.45349916388829087 0.4823018850421592 0.4412372515567106 0.4737866681452285 0.4439195448792438 0.48128005901452753 0.43663903443236796 0.4901358845873356
0 0.47342477142710904 0.49252014531847627 0.48166324377488945 0.48570797180093156 0.48300439043615606 0.47821458093163244 0.4753406952289183 0.47685214622812355 0.469784516203671 0.4771927549040007 0.46786859240186157 0.48604858047680877 0.4728499942865661 0.49149831929084453
0 0.5012056665533458 0.4993323188360209 0.509444138901126 0.4918389279667218 0.5121264322236593 0.4884328412079494 0.5111684703227546 0.48162066769040474 0.5019720360740693 0.4795770156351414 0.4954578951479173 0.4863891891526859 0.49967292751189807 0.49081710193908995
0 0.5332015940435632 0.5034196229465476 0.536841849267001 0.49728866678075734 0.5395241425895341 0.4979698841325118 0.539332550209353 0.4850267544491771 0.5301361159606679 0.4805988416627731 0.5234303826543348 0.4928607539943533 0.5280285997786774 0.49660744942900287 0.529561338820125 0.5000135361877752
0 0.5586833806076282 0.505463275001811 0.5642395596328756 0.4969480581048802 0.5634731901121519 0.48604858047680877 0.5542767558634666 0.48264249371803647 0.5540851634832857 0.4897952759114583 0.5554263101445523 0.5003541448636525