1 0.2368659420289855 0.4492753623188406 0.33695652173913043 0.45652173913043476 0.49094202898550726 0.4581320450885668 0.5416666666666666 0.463768115942029 0.5842391304347826 0.45974235104669886 0.5932971014492754 0.464573268921095 0.5946557971014492 0.4742351046698873 0.5851449275362319 0.5249597423510467 0.5855978260869565 0.5450885668276972 0.5896739130434783 0.573268921095008 0.5896739130434783 0.5917874396135265 0.5810688405797102 0.6513687600644122 0.5810688405797102 0.7190016103059581 0.5778985507246377 0.7415458937198067 0.5792572463768116 0.7584541062801933 0.5778985507246377 0.7673107890499195 0.5742753623188406 0.7729468599033816 0.5670289855072463 0.7745571658615137 0.5394021739130435 0.7697262479871175 0.4673913043478261 0.7648953301127214 0.33152173913043476 0.7657004830917874 0.2477355072463768 0.7713365539452496 0.20923913043478262 0.7640901771336553 0.20833333333333334 0.7584541062801933 0.21195652173913043 0.750402576489533 0.2115036231884058 0.7415458937198067 0.1911231884057971 0.6835748792270532 0.18659420289855072 0.6578099838969405 0.18568840579710144 0.6312399355877617 0.1838768115942029 0.6231884057971014 0.18659420289855072 0.5974235104669887 0.18070652173913043 0.5789049919484702 0.17572463768115942 0.5297906602254429 0.17844202898550723 0.4822866344605475 0.17572463768115942 0.45974235104669886 0.17889492753623187 0.45410628019323673 0.20652173913043478 0.45491143317230276
0 0.24675872376072225 0.48629109385403324 0.25345372789376514 0.48119013832409585 0.2597661603620627 0.47982988351611255 0.2561317295469823 0.4726885457742001 0.2511582979052933 0.47098822726422107 0.24331557877801457 0.4628266984163211 0.2454197229341137 0.4726885457742001 0.24484586543699577 0.4754090553901667 0.2482890104197035 0.47846962870812915
0 0.22820399802057495 0.47064816356222516 0.21959613556380558 0.4760891827941584 0.2140488464249986 0.4805100109201042 0.2125185597660174 0.47506899168817096 0.2157704189163525 0.46860778135025016 0.21634427641347048 0.4641869532243044 0.22055256472566884 0.4662273354362794 0.22342185221125863 0.4641869532243044
0 0.28425074690576224 0.4781295650061334 0.2806163160906818 0.4818702657280875 0.27526031278424756 0.48833147606600824 0.2731561686281484 0.490711921979979 0.2710520244720492 0.4866311575560291 0.27105202447204924 0.48357058423806665 0.2754515986166202 0.48187026572808744 0.27851217193458266 0.47846962870812915 0.2720084536339125 0.47200841837020846 0.2758341702813656 0.4726885457742001 0.27908602943170063 0.47438886428417926
0 0.3142826225882688 0.47914975611212085 0.30854404761708915 0.4822103294300833 0.3037619018077729 0.48425071164205824 0.30184904348404634 0.4879914123640124 0.29917104183082915 0.48561096645004165 0.3010839001545557 0.48221032943008335 0.29917104183082915 0.4781295650061334 0.30012747099269244 0.470988227264221 0.3031880443106549 0.47642924649615426 0.3079701901199712 0.47642924649615426 0.31064819177318836 0.47506899168817096
0 0.3431667832765393 0.4822103294300833 0.3347502066521426 0.48697122125802494 0.33054191833994423 0.48629109385403324 0.32805520251909975 0.4852709027480458 0.32843777418384507 0.48051001092010415 0.33092449000468954 0.47982988351611255 0.33264606249604345 0.47914975611212085 0.33111577583706225 0.4747289279861751 0.33188091916655277 0.47302860947619596 0.33494149248451527 0.47506899168817096
0 0.3676513698202389 0.48561096645004154 0.3642082248375312 0.4886715397680041 0.3603825081900781 0.49173211308596654 0.3584696498663516 0.492752304191954 0.357130649039743 0.48629109385403324 0.35923479319584223 0.4822103294300833 0.35999993652533285 0.47710937390014596 0.36019122235770545 0.4733686731781918 0.3630605098432953 0.4794898198141167
0 0.39806581716749073 0.4815302020260916 0.3911795272020752 0.47642924649615426 0.3873538105546222 0.4754090553901668 0.3856322380632683 0.4767693101981501 0.3856322380632683 0.48425071164205824 0.3894579547107213 0.48901160346999994 0.39251852802868376 0.48629109385403324 0.39806581716749073 0.4866311575560291
0 0.4263761203586434 0.48425071164205824 0.4185334012313646 0.4937724952979414 0.41509025624865686 0.4937724952979414 0.4114558254335765 0.48901160346999983 0.4143251129191663 0.4845907753440541 0.413942541254421 0.47846962870812926 0.4143251129191663 0.4747289279861751 0.4179595437342467 0.47778950130413755 0.42102011705220915 0.4794898198141167
0 0.4527735652260695 0.48255039313207915 0.4508607069023429 0.4859510301520374 0.4483739910814985 0.4900317945759874 0.4447395602664181 0.4941125589999373 0.4416789869484557 0.490711921979979 0.44301798777506424 0.48425071164205824 0.44187027278082835 0.47676931019815 0.4426354161103189 0.47506899168817096 0.44607856109302674 0.4754090553901667
0 0.4808925825848495 0.48289045683407494 0.47725815176976916 0.48901160346999983 0.47438886428417926 0.49411255899993733 0.4719021484633348 0.4913920493839707 0.46922414681011765 0.48969173087399154 0.4697980043072357 0.4832305205360708 0.4707544334690989 0.47846962870812926 0.47190214846333484 0.47676931019815 0.4759191509431605 0.47778950130413755
0 0.5126460307587098 0.488671539768004 0.5093941716083747 0.4900317945759874 0.5074813132846482 0.49309236789394983 0.5042294541343132 0.49717313231789967 0.5013601666487234 0.4920721767879623 0.4981083074983882 0.4900317945759874 0.49963859415736944 0.4845907753440541 0.4998298799897421 0.4808500746221 0.5000211658221148 0.4760891827941584 0.504803311631431 0.4805100109201042 0.5086290282788841 0.48085007462210005 0.5116896015968465 0.4839106479400625
0 0.5405737622851171 0.4975131960198955 0.5352177589786828 0.49717313231789967 0.5338787581520742 0.5012538967418496 0.5310094706664845 0.5015939604438455 0.5258447531924229 0.4978532597218914 0.5262273248571682 0.49173211308596654 0.5273750398514041 0.4859510301520374 0.5287140406780128 0.4801699472181084 0.5323484714930932 0.4832305205360708 0.539043475626136 0.4845907753440541 0.5386609039613907 0.4893516671719957 0.539043475626136 0.4920721767879623
0 0.5641019196669534 0.4893516671719957 0.5639106338345807 0.4944526227019331 0.5648670629964441 0.4978532597218914 0.5623803471755997 0.5029542152518288 0.5581720588634013 0.5032942789538246 0.5535811988864575 0.4964930049139081 0.5543463422159483 0.4900317945759874 0.5535811988864575 0.48425071164205824 0.5535811988864575 0.478809692410125 0.558363344695774 0.4818702657280875 0.5618064896784817 0.48493083904604994