1 0.23097826086956522 0.4492753623188406 0.2536231884057971 0.4500805152979066 0.2708333333333333 0.45491143317230276 0.33106884057971014 0.4573268921095008 0.48278985507246375 0.4581320450885668 0.5208333333333334 0.46296296296296297 0.5625 0.46296296296296297 0.5833333333333334 0.4694041867954911 0.5878623188405797 0.48148148148148145 0.5878623188405797 0.49516908212560384 0.582427536231884 0.5297906602254429 0.5874094202898551 0.5885668276972624 0.5797101449275363 0.6465378421900161 0.5792572463768116 0.7206119162640902 0.5715579710144928 0.7568438003220612 0.5670289855072463 0.7632850241545893 0.5557065217391305 0.7689210950080515 0.4678442028985507 0.7640901771336553 0.39855072463768115 0.7640901771336553 0.32472826086956524 0.7648953301127214 0.2753623188405797 0.7705314009661836 0.24003623188405798 0.7705314009661836 0.20833333333333334 0.7608695652173914 0.2078804347826087 0.7584541062801933 0.21240942028985507 0.7536231884057971 0.21331521739130435 0.7455716586151369 0.20878623188405798 0.7310789049919485 0.19746376811594202 0.7069243156199678 0.19067028985507245 0.6835748792270532 0.18659420289855072 0.6602254428341385 0.1838768115942029 0.6223832528180354 0.18478260869565216 0.5982286634460547 0.17798913043478262 0.5676328502415459 0.17481884057971014 0.5161030595813204 0.17753623188405798 0.4943639291465378 0.1897644927536232 0.4605475040257649 0.21467391304347827 0.45169082125603865
0 0.23222100050040065 0.4682677176482544 0.2251434247026125 0.4628266984163211 0.21883099223431496 0.4648670806282961 0.21940484973143293 0.47234848207220426 0.21481398975448923 0.48119013832409585 0.22629113969684841 0.47166835466821266
0 0.2607225895239259 0.48051001092010415 0.25670558704410024 0.47064816356222516 0.24599358043123165 0.46588727173428357 0.24695000959309496 0.47438886428417926 0.2446545796046231 0.48629109385403324
0 0.2756428844489929 0.4893516671719957 0.2859723193971161 0.478809692410125 0.28425074690576224 0.47438886428417937 0.278894743599328 0.4747289279861752 0.2731561686281484 0.4726885457742001 0.2750690269518749 0.4781295650061333 0.27124331030442184 0.48425071164205824
0 0.3010839001545557 0.4879914123640124 0.3173431959062312 0.4774494376021417 0.3123697642645422 0.470988227264221 0.30835276178471654 0.47846962870812926 0.2997448993279472 0.4713282909662168 0.29917104183082915 0.4774494376021417 0.30184904348404634 0.4808500746221
0 0.33092449000468954 0.4893516671719957 0.34527092743263854 0.4839106479400625 0.3422103541146761 0.47846962870812915 0.33264606249604345 0.4733686731781918 0.3343676349873973 0.47846962870812915 0.3267162016924912 0.48051001092010415
0 0.35923479319584223 0.49241224048995813 0.36803394148498425 0.4839106479400624 0.36478208233464915 0.47846962870812915 0.35904350736346957 0.47438886428417937 0.35904350736346957 0.4839106479400624
0 0.38792766805174017 0.49207217678796233 0.39232724219631115 0.48561096645004154 0.3982571029998635 0.48493083904604994 0.39844838883223616 0.47846962870812926 0.3844845230690324 0.4740488005821834 0.38582352389564095 0.48187026572808744 0.38391066557191444 0.4845907753440541
0 0.4154728279134022 0.49853338712588297 0.427715121185252 0.48561096645004165 0.42618483452627076 0.48289045683407494 0.41566411374577483 0.47574911909216255 0.41623797124289275 0.4832305205360708 0.4093516812774773 0.492752304191954 0.41681182874001077 0.49241224048995813 0.4154728279134022 0.5009138330398538
0 0.4434005594398095 0.49479268640392887 0.45430385188505074 0.48255039313207915 0.44148770111608293 0.47438886428417926 0.44378313110455475 0.48119013832409585 0.4357491261449034 0.4913920493839707
0 0.4747714359489245 0.4934324315959456 0.48395315590281196 0.48357058423806665 0.48184901174671274 0.47778950130413755 0.4719021484633348 0.47778950130413755 0.47037186180435364 0.48697122125802483 0.47553657927841514 0.4951327501059247 0.47458015011655186 0.4920721767879623
0 0.5044207399666857 0.49581287750991637 0.5137937457529458 0.488671539768004 0.5130286024234552 0.4822103294300833 0.50327302497245 0.4805100109201042 0.49944730832499684 0.47438886428417926 0.5004037374868602 0.48255039313207915 0.4977257358336429 0.4886715397680041
0 0.5331136148225838 0.5019340241458413 0.5363654739729189 0.4978532597218914 0.5392347614585086 0.49683306861590393 0.5405737622851171 0.4839106479400625 0.5348351873139375 0.4859510301520374 0.5287140406780128 0.48085007462210005 0.5287140406780128 0.4859510301520374 0.5281401831808947 0.4944526227019331
0 0.5618064896784817 0.5019340241458413 0.5639106338345808 0.49853338712588297 0.5639106338345807 0.49037185827798324 0.5554940572101841 0.4852709027480457 0.5560679147073021 0.49309236789394983 0.560467488851873 0.5026141515498329