1 0.7504528985507246 0.24557165861513688 0.7744565217391305 0.249597423510467 0.8038949275362319 0.2648953301127214 0.8115942028985508 0.26570048309178745 0.8256340579710145 0.26006441223832527 0.833786231884058 0.2673107890499195 0.832427536231884 0.28180354267310787 0.8152173913043478 0.31239935587761675 0.8129528985507246 0.3438003220611916 0.8002717391304348 0.3832528180354267 0.7998188405797102 0.39371980676328505 0.8052536231884058 0.428341384863124 0.8079710144927537 0.4694041867954911 0.8079710144927537 0.4967793880837359 0.8034420289855072 0.5201288244766505 0.802536231884058 0.5539452495974235 0.8048007246376812 0.5603864734299517 0.813858695652174 0.5684380032206119 0.8174818840579711 0.5789049919484702 0.8152173913043478 0.5925925925925926 0.8016304347826086 0.6078904991948471 0.7730978260869565 0.6159420289855072 0.759963768115942 0.6256038647342995 0.7477355072463768 0.6280193236714976 0.6829710144927537 0.6223832528180354 0.6603260869565217 0.6151368760064412 0.644927536231884 0.6159420289855072 0.5833333333333334 0.605475040257649 0.5588768115942029 0.605475040257649 0.40398550724637683 0.6159420289855072 0.2898550724637681 0.6344605475040258 0.28125 0.6296296296296297 0.27898550724637683 0.6199677938808373 0.27219202898550726 0.6151368760064412 0.259963768115942 0.5982286634460547 0.26222826086956524 0.5426731078904992 0.2726449275362319 0.49516908212560384 0.2749094202898551 0.44605475040257647 0.27445652173913043 0.40660225442834136 0.2717391304347826 0.37681159420289856 0.27445652173913043 0.3663446054750403 0.2753623188405797 0.35185185185185186 0.2726449275362319 0.3413848631239936 0.271286231884058 0.30434782608695654 0.2653985507246377 0.285829307568438 0.2658514492753623 0.27616747181964574 0.291213768115942 0.27294685990338163 0.3020833333333333 0.26811594202898553 0.33242753623188404 0.27294685990338163 0.4026268115942029 0.26247987117552335 0.44157608695652173 0.2584541062801932 0.4963768115942029 0.2576489533011272 0.5221920289855072 0.2528180354267311 0.5946557971014492 0.25120772946859904 0.6077898550724637 0.25523349436392917 0.6295289855072463 0.25201288244766507 0.6589673913043478 0.25523349436392917 0.6730072463768116 0.25120772946859904 0.6979166666666666 0.25523349436392917
0 0.3149239794849468 0.2895251261723845 0.3039686800947644 0.2930133807045819 0.30544028747553514 0.30435020793422346 0.30200653692040336 0.3145242836531326 0.3136158840353728 0.30841983822178715 0.3155780272097339 0.2886530625393352
0 0.3453371986875429 0.2892344382947014 0.3302941010174417 0.2959202594814131 0.3317657083982124 0.30522227156727283 0.34108588847642735 0.3107453412432521 0.345337198687543 0.305512959444956 0.3513871401418229 0.30522227156727283
0 0.3819638712756157 0.28342068074103904 0.3621789276008086 0.28952512617238446 0.3656126781559404 0.29998988976897667 0.3682288690550884 0.3046408958119066 0.3750963701653521 0.30435020793422346 0.38114631161963186 0.2967923231144624 0.3858881576243378 0.2965016352367793 0.3870327411427151 0.29214131707153257
0 0.4192445915884755 0.2761534837989611 0.41008792344145734 0.28196724135262347 0.4051825655055547 0.2805138019642079 0.4012582791568326 0.2892344382947014 0.4042014939183741 0.2944668200929975 0.4113960188910313 0.30028057764665983 0.4136851859277858 0.2944668200929975 0.4189175677260819 0.29388544433763125 0.41924459158847543 0.2860368716401871
0 0.4548901925893677 0.2755721080435949 0.43674036822652806 0.28109517771957415 0.4378849517449054 0.2918506291938494 0.44638757216713654 0.2941761322153144 0.45227400169021964 0.2944668200929975 0.45832394314449953 0.2901065019277507 0.4547266806581709 0.27644417167664426
0 0.47402108853938785 0.28342068074103904 0.47631025557614237 0.290687877683117 0.4787629345440936 0.28952512617238446 0.48252370896161906 0.29533888372604683 0.4861209714479476 0.29533888372604683 0.48661150724153784 0.28952512617238446 0.49560466345735926 0.2840020564964053 0.49740329470052363 0.2799324262088416 0.49380603221419495 0.2776069231873767 0.4910263293838501 0.27644417167664426 0.49184388903983395 0.2700490383676157 0.4728765050210106 0.27847898682042604
0 0.5126099043018216 0.285746183762504 0.5225841321048236 0.2895251261723845 0.5232381798296106 0.28109517771957415 0.5273259781095293 0.2796417383311585 0.5304327048022678 0.28196724135262347 0.5323948479766287 0.27760692318737673 0.5294516332150871 0.2668514717131014 0.5243827633479877 0.27063041412298194 0.5198044292744788 0.2677235353461508 0.5091761537466898 0.27586279592127805
0 0.5583932450369126 0.29126925343848326 0.5595378285552898 0.2842927443740884 0.5644431864911924 0.2819672413526234 0.5652607461471761 0.2674328474684676 0.5549594944817806 0.2741186686551793 0.5495636007522878 0.27615348379896115 0.5494000888210911 0.28283930498567283 0.5515257439266489 0.2874903110286027
0 0.6015603948728554 0.2691769747345663 0.5829200347164255 0.2790603625757923 0.5837375943724092 0.28545549588482083 0.5889699761707055 0.28632755951787026 0.5953469414873788 0.29301338070458194 0.6013968829416587 0.28312999286335594 0.6041765857720034 0.2813858655972572
0 0.6470167117455528 0.2703397262452988 0.6367154600801574 0.2776069231873767 0.6242885533092042 0.27789761106505984 0.6273952800019423 0.28778099890628583 0.6345898049745995 0.28865306253933515 0.6393316509793053 0.2959202594814131 0.6434194492592242 0.28894375041701825
0 0.6805366576408872 0.27063041412298194 0.6725245730122463 0.27673485955432736 0.6620598094156541 0.27644417167664426 0.6677827270075405 0.285746183762504 0.6702354059754917 0.29214131707153257 0.6759583235673781 0.2965016352367793 0.6800461218472968 0.290687877683117 0.6808636815032807 0.2828393049856728 0.6785745144665263 0.27789761106505984
0 0.6980324342789398 0.275862795921278 0.7044093995956132 0.285746183762504 0.7081701740131385 0.2854554958848209 0.715201187054599 0.2892344382947014 0.7114404126370736 0.28225792923030657 0.7156917228481893 0.27644417167664426 0.7201065449905015 0.27266522926676373 0.7243578552016171 0.2735372928998131 0.7261564864447814 0.2648166565693196 0.7140566035362217 0.2697583504899326 0.7044093995956131 0.27266522926676373
0 0.760166968133706 0.2619097777924884 0.7511738119178848 0.2691769747345663 0.7379293454909476 0.270921102000665 0.741036072183686 0.2793510504534754 0.7459414301195886 0.2860368716401871 0.7550980982666069 0.2863275595178702 0.754280538610623 0.2810951777195741 0.7580413130281484 0.2755721080435949