1 0.22826086956521738 0.5249597423510467 0.24230072463768115 0.5249597423510467 0.2957427536231884 0.5442834138486312 0.3804347826086957 0.5555555555555556 0.432518115942029 0.5547504025764896 0.5353260869565217 0.5450885668276972 0.5625 0.5402576489533011 0.5810688405797102 0.5314009661835749 0.5905797101449275 0.533816425120773 0.5960144927536232 0.5442834138486312 0.5978260869565217 0.5668276972624798 0.5964673913043478 0.6288244766505636 0.5987318840579711 0.6698872785829307 0.5928442028985508 0.7351046698872786 0.59375 0.8349436392914654 0.5901268115942029 0.8421900161030595 0.5819746376811594 0.8470209339774557 0.4791666666666667 0.8421900161030595 0.35688405797101447 0.8438003220611916 0.29483695652173914 0.8542673107890499 0.24592391304347827 0.8663446054750402 0.21240942028985507 0.8671497584541062 0.20742753623188406 0.8607085346215781 0.2164855072463768 0.8494363929146538 0.21693840579710144 0.8454106280193237 0.20108695652173914 0.749597423510467 0.20108695652173914 0.6819645732689211 0.192481884057971 0.6256038647342995 0.19067028985507245 0.5837359098228664 0.19384057971014493 0.5571658615136876 0.19972826086956522 0.533011272141707 0.21195652173913043 0.5273752012882448
0 0.24167955788050305 0.5529787414878999 0.23563756893349047 0.5545700472188003 0.22959557998647787 0.5549678736515256 0.22422492314468895 0.5605374437096771 0.22153959472379448 0.5545700472188003 0.22444870051309682 0.549398303593374 0.22489625524991255 0.5446243864006728 0.22467247788150468 0.5406461220734216 0.2313857989337409 0.5370656841788957 0.23183335367055663 0.5434309071024974 0.23541379156508258 0.5466135185642983
0 0.27211327998397383 0.5712787573932548 0.26808528735263215 0.5688917987969042 0.261148188931988 0.5688917987969043 0.25891041524790925 0.5680961459314541 0.2580153057742778 0.564117881604203 0.2544348678797518 0.5625265758733025 0.2528684263008967 0.5625265758733025 0.2521970941956731 0.5593439644115017 0.25264464893248884 0.5577526586806012 0.25488242261656757 0.5545700472188004 0.25488242261656757 0.5517852621897247 0.2602530794583566 0.5557635265169758 0.264728626826514 0.5581504851133263 0.2671901778790006 0.5617309230078523
0 0.2969525678772477 0.5692896252296293 0.29113435629864304 0.5740635424223307 0.2871063636673013 0.5796331124804821 0.28285459366755167 0.5820200710768328 0.28039304261506515 0.5800309389132073 0.2792741557730257 0.5756548481532311 0.2797217105098415 0.5736657159896056 0.28173570682551236 0.5716765838259801 0.2826308162991438 0.5649135344696532 0.284197257877999 0.5637200551714778 0.28621125419366983 0.5645157080369281 0.28800147314093283 0.5688917987969042 0.2915819110354587 0.5700852780950796
0 0.324700961559824 0.5756548481532311 0.31821141787599566 0.5804287653459324 0.31306453840261456 0.582417897509558 0.31172187419216735 0.5848048561059085 0.30993165524490435 0.5848048561059086 0.30836521366604924 0.578837459615032 0.308812768402865 0.5728700631241553 0.3090365457712729 0.5673004930660038 0.31172187419216735 0.5657091873351033 0.3144072026130618 0.5708809309605298 0.3177638631391799 0.5732678895568805 0.3204491915600744 0.5728700631241553 0.32402962945460034 0.5744613688550557
0 0.3535682420844396 0.5804287653459324 0.34707869840061134 0.5852026825386337 0.34372203787449324 0.5852026825386337 0.33924649050633576 0.5844070296731835 0.33924649050633576 0.5820200710768328 0.34014159997996724 0.5800309389132073 0.3412604868220066 0.5784396331823068 0.3412604868220066 0.574859195287781 0.3423793736640459 0.5724722366914302 0.3459598115585719 0.5744613688550558 0.3477500305058349 0.5744613688550558 0.3490926947162822 0.578837459615032
0 0.3788550847145293 0.5836113768077333 0.3714704315570695 0.5911700790295102 0.3685613257677671 0.5919657318949605 0.3685613257677671 0.5848048561059086 0.3701277673466222 0.5816222446441077 0.3703515447150301 0.5760526745859563 0.37079909945184586 0.5740635424223307 0.37370820524114823 0.5804287653459324
0 0.40951258418640796 0.5848048561059086 0.4030230405025796 0.5867939882695341 0.4003377120816851 0.5887831204331596 0.3972048289239749 0.5903744261640601 0.3940719457662647 0.5867939882695341 0.39362439102944896 0.5856005089713588 0.39384816839785686 0.582417897509558 0.3954146099767119 0.5772461538841316 0.3972048289239749 0.5772461538841316 0.4001139347132773 0.5804287653459325 0.4054845915550662 0.5804287653459325
0 0.4381560873426157 0.582417897509558 0.4365896457637606 0.5856005089713588 0.43278543050082674 0.5891809468658847 0.42987632471152437 0.5915679054622355 0.4265196641854063 0.5919657318949606 0.4247294452381433 0.5899765997313351 0.42361055839610395 0.5883852940004346 0.4240581131329197 0.5848048561059086 0.4245056678697355 0.5784396331823068 0.4245056678697355 0.5748591952877808 0.4287574378694851 0.5784396331823068 0.43345676260605037 0.5808265917786575 0.4370372005005764 0.582417897509558
0 0.46657581313041563 0.5800309389132073 0.46120515628862657 0.5848048561059086 0.4580722731309165 0.5883852940004346 0.45561072207842984 0.5911700790295104 0.45158272944708805 0.5907722525967852 0.45113517471027237 0.5907722525967852 0.45091139734186453 0.5859983354040839 0.4522540615523118 0.5820200710768328 0.45270161628912753 0.5780418067495818 0.4529253936575354 0.5736657159896056 0.4585198278677322 0.5760526745859563
0 0.49566687102343904 0.5732678895568804 0.4929815426025446 0.5808265917786575 0.4911913236552817 0.5844070296731836 0.48828221786597925 0.5875896411349844 0.4851493347082691 0.589976599731335 0.4813451194453352 0.5883852940004346 0.48089756470851946 0.582417897509558 0.4813451194453352 0.5772461538841316 0.4804500099717038 0.57167658382598 0.4804500099717038 0.5673004930660038 0.48895354997120294 0.5716765838259801
0 0.524086596811239 0.5732678895568804 0.5236390420744232 0.5804287653459324 0.5196110494430816 0.5844070296731835 0.5113312868119902 0.5871918147022592 0.5097648452331351 0.5871918147022592 0.5075270715490564 0.5792352860477571 0.5086459583910957 0.5760526745859563 0.5095410678647273 0.5692896252296293 0.5095410678647273 0.5637200551714778 0.5117788415488059 0.5633222287387528 0.5167019436537792 0.5680961459314541 0.5198348268114894 0.5700852780950796 0.5227439326007918 0.5716765838259801
0 0.5531776547042625 0.5784396331823068 0.5444503373363554 0.5883852940004346 0.5399747899681979 0.5875896411349844 0.5384083483893429 0.5875896411349844 0.5377370162841193 0.582417897509558 0.5386321257577508 0.5760526745859563 0.5397510125997902 0.5700852780950796 0.5399747899681979 0.5665048402005537 0.5431076731259082 0.567698319498729 0.5448978920731712 0.5716765838259801 0.546911888388842 0.5736657159896056 0.552282545230631 0.5772461538841316
0 0.5764505010186813 0.5696874516623545 0.5737651725977869 0.5780418067495817 0.571974953650524 0.5812244182113826 0.5695134025980373 0.5812244182113827 0.5670518515455505 0.5776439803168566 0.5661567420719191 0.5724722366914302 0.5636951910194327 0.5684939723641791 0.5636951910194327 0.5613330965751272 0.5663805194403271 0.5613330965751272 0.5701847347032609 0.5601396172769519 0.5737651725977869 0.5661070137678285 0.5760029462818657 0.5684939723641792