1 0.6317934782608695 0.22705314009661837 0.6376811594202898 0.2278582930756844 0.646286231884058 0.2359098228663446 0.6521739130434783 0.2632850241545894 0.646286231884058 0.2898550724637681 0.6385869565217391 0.34299516908212563 0.6413043478260869 0.3671497584541063 0.6485507246376812 0.38808373590982287 0.6485507246376812 0.4420289855072464 0.6440217391304348 0.45088566827697263 0.6313405797101449 0.4573268921095008 0.5561594202898551 0.4573268921095008 0.5045289855072463 0.4476650563607085 0.46059782608695654 0.44847020933977455 0.4067028985507246 0.4581320450885668 0.39945652173913043 0.45410628019323673 0.3976449275362319 0.44041867954911434 0.401268115942029 0.427536231884058 0.40851449275362317 0.3695652173913043 0.4071557971014493 0.3027375201288245 0.4026268115942029 0.2826086956521739 0.4048913043478261 0.24074074074074073 0.41847826086956524 0.23752012882447665 0.42934782608695654 0.24476650563607086 0.44157608695652173 0.2471819645732689 0.509963768115942 0.24879227053140096 0.5489130434782609 0.2560386473429952 0.5896739130434783 0.2560386473429952 0.6096014492753623 0.2528180354267311 0.625 0.24557165861513688 0.6286231884057971 0.24154589371980675 0.6295289855072463 0.23107890499194847
0 0.43476356597350524 0.2564436733498983 0.43065920687145537 0.25697433796107244 0.4284204655430645 0.25750500257224657 0.4278980925664399 0.24927970109904757 0.43026977105320535 0.24964883728065299
0 0.4399872957397506 0.26294431483678143 0.4430084004189339 0.25763760007363384 0.4487276283275452 0.2556404093753886 0.44597014344303615 0.2532800930956443 0.44013654516164324 0.25272902107167944
0 0.4548828768741933 0.26126885588862514 0.46060210478280467 0.2556404093753886 0.460499975713008 0.25328009309564425 0.4531466826876506 0.2529169675141451 0.4546786187346 0.2549141582123904
0 0.47035955309491995 0.26334231329516206 0.47103117549343726 0.26055632408649787 0.47377675478657 0.2599979163533782 0.4735684156656135 0.256841671808279 0.4717774226029008 0.25471901336358244 0.4678223129227437 0.2536576841412342 0.468261785017552 0.25727447449213475 0.4686431847431537 0.26294431483678143
0 0.4828662419984701 0.2656263628666147 0.4859301140923691 0.2616319814701243 0.49073018037281074 0.2614504186793747 0.48919824432586134 0.2561850977476373 0.4809257896723342 0.2556404093753886 0.4819470803703005 0.2599979163533782 0.4809257896723342 0.26326604658687036 0.4827641129286735 0.2659894884481139
0 0.4992068931659311 0.26562636286661473 0.5010452164222705 0.26453698612211735 0.5040069594463727 0.2623582326331226 0.5015558617712536 0.2583638512366321 0.497879215258575 0.25691134891063555 0.49593876293243894 0.25818228844588254 0.49583663386264226 0.2618135442608739
0 0.5102368327039672 0.26453698612211735 0.5136070920072561 0.26508167449436604 0.513913479216646 0.2687129303093574 0.5170794803803415 0.26562636286661473 0.5196327071252573 0.26399229774986865 0.5195305780554607 0.2590901023996304 0.5151390280542055 0.25781916286438344 0.5102368327039672 0.2572744744921347
0 0.5278030327089877 0.27089168379835216 0.5305605175934966 0.2641738605406182 0.5337265187571922 0.26508167449436604 0.5315818082914631 0.2594532279811295 0.5250455478244787 0.2594532279811295 0.5256583222432585 0.26762355356485995
0 0.5418968443409227 0.27143637217060085 0.545982007132788 0.2667157396111121 0.5462883943421779 0.26508167449436604 0.5416925862013294 0.26326604658687036 0.5402627792241766 0.26072416751637645 0.5400585210845834 0.2687129303093574
0 0.554254461786315 0.27179949775209994 0.5588502699271635 0.2672604279833608 0.5613013676022826 0.26544480007586513 0.5608928513230961 0.2625397954238721 0.551803364111196 0.262176669842373 0.552620396669569 0.2698023070538547
0 0.5717185327215388 0.27143637217060085 0.5770292443509637 0.2667157396111121 0.5748845338852344 0.26290292100537127 0.5671227245806905 0.2616319814701243 0.5659993048129275 0.26326604658687036 0.5669184664410972 0.26762355356485995 0.5690631769068265 0.2659894884481138
0 0.5806037617938459 0.2625397954238721 0.5822378269105919 0.2698023070538548 0.5856080862138807 0.2721626233335991 0.5865272478420503 0.2754307535670913 0.5898975071453392 0.26962074426310517 0.5886719583077796 0.2661710512388634 0.5850974408648975 0.2627213582146217
0 0.5954124769143573 0.2717994977521 0.6000082850552056 0.2717994977521 0.6000082850552055 0.2754307535670913 0.6046840327983716 0.2679856286429357 0.6022551245907316 0.26471854891286695 0.5967401548217134 0.2623582326331226 0.5953103478445606 0.2630844837961208 0.5966380257519168 0.26671573961111217
0 0.6121616443610047 0.2698023070538548 0.6147148711059205 0.2692576186816061 0.6149191292455137 0.2725257489150982 0.6164001124169505 0.26864895940690336 0.6160269888622187 0.2655976378926521 0.6156340327340902 0.26326604658687036 0.6113446118026317 0.2630844837961208 0.6112510073616514 0.26095432254487844 0.6090977722671058 0.260905730307126
0 0.6299818098091883 0.26254631637840087 0.6300564345201346 0.26626096865661975 0.6305788074967592 0.2679856286429356 0.6310265557624375 0.269312290170871 0.6305788074967593 0.2706389516988063 0.6293848121216175 0.27050628554601275 0.6284893155902611 0.2681182947957292 0.6275938190589048 0.26639363480941325 0.6269221966603875 0.265332305587065 0.6250565788867284 0.2648016409758909 0.6238625835115865 0.26347497944795556 0.6225193387145521 0.2612196548504655 0.6221462151598203 0.2601583256281173 0.6227432128473912 0.2577703348778337 0.6234148352459083 0.2575050025722466 0.623937208222533 0.25936232871135606 0.6257282012852456 0.25949499486414956 0.6266983225275483 0.2617503194616396