1 0.223731884057971 0.5265700483091788 0.264945652173913 0.5297906602254429 0.3020833333333333 0.5394524959742351 0.4492753623188406 0.5499194847020934 0.5439311594202898 0.5475040257648953 0.5597826086956522 0.5426731078904992 0.582427536231884 0.5305958132045089 0.5932971014492754 0.5314009661835749 0.5964673913043478 0.538647342995169 0.5973731884057971 0.5628019323671497 0.5969202898550725 0.677938808373591 0.592391304347826 0.7616747181964574 0.5946557971014492 0.8381642512077294 0.592391304347826 0.8446054750402576 0.5855978260869565 0.8486312399355878 0.46195652173913043 0.8413848631239935 0.36277173913043476 0.8413848631239935 0.3278985507246377 0.8446054750402576 0.2296195652173913 0.8663446054750402 0.213768115942029 0.8663446054750402 0.20606884057971014 0.8631239935587761 0.20471014492753623 0.8607085346215781 0.21467391304347827 0.8446054750402576 0.21603260869565216 0.8317230273752013 0.2028985507246377 0.7640901771336553 0.2006340579710145 0.7222222222222222 0.2006340579710145 0.678743961352657 0.19157608695652173 0.6223832528180354 0.19021739130434784 0.5893719806763285 0.19655797101449277 0.5442834138486312 0.2056159420289855 0.5314009661835749
0 0.24230558958308696 0.5527803488682573 0.23792896973840064 0.5549023463687115 0.2337512871593819 0.5549023463687115 0.2289767927833605 0.5549023463687115 0.22678848286101735 0.5524266826181817 0.2289767927833605 0.5467680226169713 0.22837998098635784 0.5404020301156093 0.2319608517683739 0.5372190338649284 0.23355234989371437 0.5375727001150041 0.23514384801905483 0.5400483638655336 0.23713322067573042 0.5460606901168199
0 0.2735387402928937 0.5609146726199976 0.2725440539645559 0.5662196663711326 0.26717274779153183 0.5665733326212082 0.2641886888065184 0.563744002620603 0.26160250435284016 0.5612683388700733 0.2562311981798161 0.5602073401198463 0.2570269472424863 0.556317011369014 0.25762375903948903 0.5474753551171225 0.2578226963051566 0.5467680226169713 0.2667748732601967 0.5510120176178792
0 0.29661546311033055 0.5662196663711326 0.29263671779697936 0.5725856588724944 0.2880611606866256 0.5757686551231754 0.28646966256128503 0.5764759876233267 0.2862707252956175 0.5722319926224189 0.2902494706089687 0.5665733326212082 0.2904484078746362 0.563744002620603 0.2904484078746362 0.5616220051201489
0 0.32585924116346177 0.5686953301216623 0.3214826213187754 0.5761223213732511 0.3171060014740892 0.5785979851237807 0.3127293816294029 0.5789516513738563 0.3119336325667326 0.5768296538734023 0.3103421344413921 0.5686953301216622 0.3109389462383948 0.5651586676209056 0.3115357580353975 0.5587926751195437
0 0.35808707820160635 0.5701099951219648 0.35211896023157957 0.5754149888730997 0.3485380894495635 0.5775369863735537 0.34436040687054476 0.5768296538734023 0.3427689087452042 0.5740003238727971 0.3439625323392096 0.5708173276221162 0.34436040687054476 0.5676343313714352 0.34436040687054476 0.5648050013708299
0 0.3831531736757189 0.5725856588724944 0.37917442836236753 0.5778906526236294 0.37499674578334885 0.5789516513738564 0.37320631039234076 0.5785979851237807 0.37300737312667326 0.575061322623024 0.37300737312667326 0.5701099951219648 0.3736041849236759 0.5651586676209055 0.3736041849236759 0.5644513351207543
0 0.411004390869177 0.5757686551231754 0.40543414743048534 0.5800126501240833 0.40264902571113953 0.581427315124386 0.39668090774111275 0.5821346476245373 0.39668090774111275 0.5785979851237807 0.399267092194791 0.5722319926224188 0.3990681549291235 0.5676343313714352 0.39966496672612617 0.5662196663711326
0 0.44124285525064594 0.578244318873705 0.43825879626563263 0.5824883138746129 0.4322906782956058 0.5877933076257479 0.4287098075135898 0.5877933076257479 0.4271183093882493 0.5842566451249912 0.42791405845091957 0.5768296538734023 0.42811299571658706 0.5743539901228727 0.42811299571658706 0.5715246601222674
0 0.4690940724441042 0.5785979851237807 0.4635238290054126 0.5849639776251425 0.45855039736372366 0.5895616388761262 0.4559642129100454 0.5895616388761261 0.4503939694713537 0.5846103113750669 0.4531790911906995 0.5793053176239321 0.4541737775190373 0.577183320123478 0.4539748402533697 0.5715246601222674
0 0.4965474151062274 0.5764759876233267 0.4923697325272087 0.5863786426254451 0.4897835480735305 0.5881469738758236 0.4869984263541846 0.5881469738758236 0.48381543010350364 0.5842566451249912 0.4816271201811605 0.5821346476245373 0.4830196810408334 0.5768296538734023 0.4836164928378361 0.5740003238727971
0 0.5241996950340181 0.5768296538734023 0.5236028832370154 0.58354931262484 0.5172368907356535 0.5892079726260505 0.5126613336252996 0.5892079726260505 0.510274086437289 0.5856713101252939 0.510274086437289 0.5810736488743102 0.513854957219305 0.5768296538734023 0.5136560199536375 0.5722319926224189
0 0.5518519749618088 0.5757686551231754 0.551255163164806 0.5789516513738564 0.5492657905081306 0.5831956463747644 0.5399157390217554 0.5853176438752182 0.5375284918337446 0.5849639776251425 0.5395178644904202 0.5789516513738564 0.540910425350093 0.5736466576227215 0.540910425350093 0.5711709938721918
0 0.5761223213732511 0.5701099951219648 0.5709499524658945 0.5761223213732511 0.5683637680122162 0.5761223213732511 0.5665733326212082 0.5686953301216622 0.5673690816838785 0.5640976688706786 0.5711488897315621 0.561622005120149