1 0.21557971014492755 0.5225442834138486 0.2807971014492754 0.5265700483091788 0.296195652173913 0.5362318840579711 0.30434782608695654 0.537842190016103 0.45471014492753625 0.5475040257648953 0.5484601449275363 0.5442834138486312 0.5679347826086957 0.538647342995169 0.5801630434782609 0.5289855072463768 0.5905797101449275 0.5305958132045089 0.5964673913043478 0.5410628019323671 0.6000905797101449 0.5740740740740741 0.5996376811594203 0.6811594202898551 0.5928442028985508 0.7407407407407407 0.5932971014492754 0.7801932367149759 0.5982789855072463 0.8236714975845411 0.5991847826086957 0.8502415458937198 0.59375 0.855877616747182 0.5815217391304348 0.8486312399355878 0.4855072463768116 0.8438003220611916 0.365036231884058 0.8454106280193237 0.30027173913043476 0.8518518518518519 0.2545289855072464 0.8639291465378421 0.2259963768115942 0.8655394524959742 0.22010869565217392 0.8631239935587761 0.21603260869565216 0.8582930756843801 0.21331521739130435 0.8478260869565217 0.2151268115942029 0.8333333333333334 0.20380434782608695 0.7689210950080515 0.19927536231884058 0.7069243156199678 0.2006340579710145 0.6859903381642513 0.19429347826086957 0.642512077294686 0.19157608695652173 0.5958132045088567 0.19701086956521738 0.533816425120773 0.20199275362318841 0.5281803542673108
0 0.2445886636698054 0.5525809150551749 0.2372040105123456 0.5573548322478762 0.23205713103896453 0.5549678736515256 0.22735780630239916 0.5593439644115017 0.22422492314468892 0.5549678736515254 0.22377736840787316 0.5486026507279238 0.22422492314468892 0.5470113449970233 0.2284766931444385 0.5466135185642983 0.22914802524966213 0.538656989909796 0.23474245945985897 0.542237427804322 0.23787534261756915 0.5490004771606488
0 0.2725608347207895 0.5613330965751272 0.2727846120891974 0.5673004930660038 0.27032306103671083 0.5696874516623546 0.2662950684053691 0.5700852780950796 0.26249085314243525 0.564117881604203 0.2564488641954227 0.564117881604203 0.2504068752484101 0.5589461379787767 0.2537635357745282 0.5561613529497009 0.2557775320901991 0.5517852621897247 0.2555537547217912 0.5454200392661229 0.2582390831426857 0.5446243864006728 0.2620432984056195 0.5517852621897248 0.2633859626160667 0.5573548322478762 0.26741395524740846 0.5601396172769519 0.27077061577352657 0.5613330965751273
0 0.2978476773508792 0.5621287494405774 0.2978476773508792 0.5696874516623546 0.29426723945635325 0.5720744102587051 0.2902392468250115 0.5756548481532311 0.2868825862988934 0.5792352860477571 0.28442103524640683 0.5784396331823068 0.28307837103595956 0.5776439803168566 0.2826308162991438 0.5724722366914302 0.28553992208844614 0.571278757393255 0.28822525050934067 0.5688917987969042 0.2886728052461564 0.5649135344696532 0.2880014731409328 0.5601396172769519
0 0.3269387352439027 0.5704831045278047 0.3224631878757453 0.5748591952877808 0.31910652734962713 0.5784396331823068 0.3146309799814697 0.5804287653459325 0.3112743194553516 0.5816222446441077 0.31015543261331224 0.5776439803168566 0.3090365457712729 0.5724722366914302 0.3081414362976414 0.5696874516623545 0.3112743194553516 0.5661070137678285 0.31172187419216735 0.5593439644115018 0.3126169836657989 0.5541722207860753 0.3188827499812193 0.5649135344696532 0.3235820747177846 0.5669026666332787
0 0.3580437894525971 0.5669026666332787 0.35804378945259707 0.5704831045278047 0.3522255778739924 0.5744613688550557 0.3461835889269798 0.5792352860477571 0.34193181892723024 0.582417897509558 0.33768004892748066 0.5792352860477571 0.3361136073486255 0.5776439803168566 0.3372324941906649 0.5724722366914302 0.3426031510324538 0.5696874516623546 0.3443933699797168 0.5669026666332787 0.3446171473481247 0.5589461379787767 0.34730247576901924 0.5601396172769519 0.35021158155832155 0.564117881604203
0 0.38377818681950254 0.5744613688550557 0.3804215262933844 0.578837459615032 0.37684108839885844 0.582417897509558 0.37415575997796396 0.5836113768077332 0.37124665418866165 0.5816222446441077 0.36945643524139865 0.5760526745859562 0.3696802126098065 0.5696874516623546 0.3732606505043325 0.5649135344696532 0.37549842418841123 0.5625265758733026 0.3790788620829371 0.5684939723641792
0 0.41398813155456543 0.571278757393255 0.41264546734411817 0.5780418067495817 0.41107902576526306 0.5808265917786575 0.4052608141866583 0.5836113768077333 0.4010090441869088 0.5867939882695341 0.3972048289239749 0.5816222446441077 0.3956383873451198 0.5784396331823068 0.3967572741871591 0.5732678895568804 0.39765238366079064 0.5704831045278047 0.39921882523964575 0.5629244023060276 0.4050370368182505 0.5680961459314541
0 0.4401700836582865 0.5768483274514065 0.43905119681624716 0.5816222446441077 0.43390431734286605 0.5859983354040839 0.430547656816748 0.5883852940004346 0.4296525473431165 0.5891809468658847 0.42562455471177474 0.5836113768077332 0.4242818905013276 0.5836113768077332 0.4278623283958535 0.578837459615032 0.428757437869485 0.5724722366914302 0.4292049926063008 0.567698319498729 0.43390431734286605 0.5720744102587051
0 0.4650093715515606 0.5756548481532311 0.46366670734111326 0.5840092032404584 0.4614289336570346 0.5907722525967852 0.45672960892046915 0.5931592111931357 0.4509113973418644 0.5863961618368091 0.4475547368157464 0.5836113768077332 0.446435849973707 0.5784396331823068 0.4531491710259432 0.5784396331823068 0.4549393899732062 0.5772461538841315 0.4549393899732062 0.5716765838259801 0.4578484957625085 0.5716765838259801 0.45986249207817936 0.5712787573932548
0 0.4949955389182155 0.5728700631241553 0.4949955389182155 0.5780418067495817 0.49141510102368946 0.5863961618368091 0.48828221786597925 0.589976599731335 0.48693955365553204 0.5907722525967852 0.4851493347082691 0.5856005089713588 0.48291156102419036 0.5883852940004346 0.4822402289189668 0.5852026825386337 0.480002455234888 0.5800309389132073 0.4784360136560329 0.5784396331823068 0.4822402289189667 0.571278757393255 0.4833591157610061 0.5700852780950796 0.48716333102393994 0.5740635424223306
0 0.5249817062848705 0.5732678895568805 0.5249817062848705 0.5800309389132073 0.5227439326007918 0.5832135503750082 0.5173732757590028 0.5887831204331596 0.5162543889169634 0.5903744261640601 0.5106599547067666 0.5840092032404584 0.5086459583910958 0.5836113768077333 0.5084221810226879 0.5804287653459325 0.5102123999699508 0.5776439803168566 0.5108837320751745 0.5696874516623545 0.5124501736540296 0.5680961459314541 0.5162543889169634 0.5744613688550557
0 0.552282545230631 0.5696874516623546 0.5531776547042626 0.5784396331823068 0.5491496620729208 0.5852026825386337 0.5466881110204342 0.5875896411349844 0.5440027825995397 0.5911700790295104 0.541765008915461 0.5923635583276856 0.5386321257577508 0.5875896411349844 0.5379607936525271 0.5844070296731835 0.5395272352313822 0.5764505010186813 0.5390796804945666 0.5700852780950796 0.541765008915461 0.5684939723641791 0.5442265599679477 0.5700852780950795
0 0.5782407199659443 0.5609352701424021 0.5764505010186813 0.5692896252296293 0.5751078368082341 0.5764505010186813 0.5721987310189317 0.5859983354040839 0.5697371799664451 0.5776439803168566 0.5672756289139586 0.5744613688550557 0.5661567420719191 0.5704831045278047 0.5668280741771428 0.5633222287387528 0.5710798441768923 0.5629244023060276