1 0.23822463768115942 0.5169082125603864 0.34782608695652173 0.5314009661835749 0.452445652173913 0.534621578099839 0.53125 0.5314009661835749 0.5439311594202898 0.535426731078905 0.5507246376811594 0.5410628019323671 0.5552536231884058 0.5539452495974235 0.551177536231884 0.5950080515297906 0.5493659420289855 0.6481481481481481 0.5516304347826086 0.6835748792270532 0.5593297101449275 0.717391304347826 0.5593297101449275 0.7238325281803543 0.5543478260869565 0.7367149758454107 0.5448369565217391 0.7463768115942029 0.495018115942029 0.7310789049919485 0.458786231884058 0.7246376811594203 0.3582427536231884 0.7262479871175523 0.31476449275362317 0.7230273752012882 0.23958333333333334 0.7318840579710145 0.22509057971014493 0.7037037037037037 0.22146739130434784 0.6867954911433173 0.22192028985507245 0.6103059581320451 0.22010869565217392 0.573268921095008 0.21557971014492755 0.5466988727858293 0.21739130434782608 0.535426731078905 0.22192028985507245 0.5273752012882448 0.22826086956521738 0.5209339774557166
0 0.244990682214654 0.5301650213004947 0.2441157154924588 0.5353500092838737 0.24396988770542632 0.5410534960655904 0.24280326540916602 0.543127491258942 0.24076167639071056 0.5426089924606041 0.23901174294632022 0.537942503275563 0.23711598171489728 0.5340537622880288 0.23609518720566952 0.5304242706996637 0.23711598171489728 0.5275725273088052 0.23857425958522258 0.5270540285104673 0.23974088188148288 0.5247207839179469 0.24178247089993832 0.5265355297121295 0.24294909319619856 0.5293872731029878
0 0.25957346091790723 0.5348315104855357 0.2597192887049398 0.5327575152921841 0.25651107739022405 0.528609524905481 0.25432366058473604 0.5322390164938462 0.2530112105014433 0.5358685080822115 0.25374034943660595 0.5413127454647594 0.25417783279770356 0.5454607358514625 0.2556361106680288 0.548053229843152 0.25782352747351683 0.5509049732340104 0.25913597755680967 0.5493494768389967 0.25971928870493977 0.547793980443983 0.25957346091790723 0.5444237382547867 0.2589901497697771 0.5405349972672525 0.2589901497697771 0.5376832538763942
0 0.27357292847303033 0.5369055056788872 0.2716771672416074 0.5413127454647594 0.2729896173249002 0.5462384840489694 0.27532286191742067 0.5493494768389966 0.2738645840470954 0.5534974672256998 0.27051054494534715 0.5534974672256998 0.26832312813985915 0.5488309780406587 0.2671565058435989 0.5472754816456451 0.2670106780565664 0.5464977334481382 0.2684689559268917 0.5405349972672525 0.2693439226490869 0.5387202514730699 0.2708022005194122 0.5366462562797183
0 0.29034312398177153 0.5392387502714078 0.2885931905373812 0.5418312442630973 0.28859319053738114 0.5527197190281928 0.28640577373189313 0.5522012202298551 0.28523915143563294 0.5503864744356725 0.2831975624171774 0.5493494768389967 0.2821767679079497 0.5462384840489694 0.28276007905607986 0.5436459900572799 0.2829059068431124 0.5402757478680835 0.28553080700969796 0.5382017526747321 0.2868432570929908 0.5369055056788872
0 0.3074049750645778 0.5415719948639283 0.3066758361294151 0.5488309780406587 0.3043425915368946 0.5511642226331793 0.3021551747314067 0.5522012202298551 0.30084272464811385 0.5503864744356725 0.301426035796244 0.5457199852506315 0.301426035796244 0.543127491258942 0.3004052412870163 0.5402757478680835 0.30055106907404877 0.5371647550780562 0.30317596924063434 0.5358685080822115 0.3055092138331549 0.5384610020739009
0 0.3246126539344166 0.5433867406581109 0.3225710649159611 0.547793980443983 0.3228627204900262 0.5524604696290241 0.32140444261970086 0.5542752154232066 0.3202378203234406 0.5560899612173893 0.3184878868790502 0.556867709414896 0.31805040351795266 0.5563492106165582 0.3170296090087249 0.5514234720323482 0.3161546422865297 0.5485717286414897 0.31790457573092007 0.5464977334481382 0.3184878868790502 0.5441644888556177 0.31936285360124544 0.5392387502714078 0.3228627204900262 0.5413127454647593
0 0.3380288103414095 0.5470162322464761 0.3372996714062469 0.5532382178265308 0.3372996714062469 0.5560899612173893 0.3361330491099866 0.557386208213234 0.3351122546007589 0.557126958814065 0.33394563230449864 0.5540159660240378 0.3329248377952709 0.5509049732340104 0.3329248377952709 0.5490902274398277 0.3346747712396613 0.5470162322464762 0.33496642681372635 0.5436459900572799 0.33657053247108415 0.5436459900572799
0 0.3565489392945411 0.5496087262381656 0.35465317806311814 0.5547937142215447 0.353778211340923 0.5573862082132339 0.3510074833873049 0.557645457612403 0.3489658943688494 0.5555714624190514 0.34765344428555667 0.5529789684273619 0.34954920551697954 0.5511642226331793 0.3514449667484025 0.5506457238348414 0.3533407279798254 0.5488309780406587 0.353778211340923 0.5472754816456451
0 0.3724441680810871 0.5488309780406587 0.3712775457848269 0.5532382178265308 0.3714233735718594 0.5547937142215446 0.37025675127559915 0.5558307118182203 0.3693817845534039 0.557386208213234 0.36850681783120876 0.5586824552090788 0.3677776788960461 0.557645457612403 0.367194367747916 0.5555714624190514 0.36748602332198105 0.5522012202298551 0.3677776788960461 0.5506457238348414 0.3682151622571437 0.5483124792423208 0.3699650957015341 0.5457199852506315
0 0.3883393968676331 0.547793980443983 0.3864436356362102 0.5514234720323482 0.38629780784917767 0.5568677094148962 0.3864436356362102 0.5592009540074167 0.3848395299788524 0.5607564504024303 0.3829437687474294 0.5610156998015993 0.3827979409603969 0.5589417046082478 0.3826521131733644 0.5553122130198825 0.3816313186641367 0.5529789684273619 0.38133966309007156 0.5514234720323483 0.3836729076825921 0.5470162322464762 0.38483952997885235 0.5459792346498004
0 0.4051095923763743 0.5511642226331793 0.40321383114495135 0.5560899612173893 0.40204720884869116 0.5607564504024304 0.40015144761726823 0.5612749492007681 0.39913065310804047 0.5599787022049234 0.39913065310804047 0.5558307118182203 0.39810985859881276 0.5537567166248688 0.3985473419599104 0.5506457238348413 0.40029727540430077 0.547793980443983
0 0.42129647673698534 0.5488309780406587 0.4202756822277577 0.5542752154232068 0.41867157657039983 0.5573862082132339 0.4176507820611721 0.5604972010032613 0.4164841597649118 0.5604972010032613 0.4153175374686516 0.5573862082132339 0.4150258818945865 0.5545344648223756 0.4154633652556841 0.5506457238348414 0.4159008486167817 0.5488309780406587
0 0.43792084445869406 0.5506457238348414 0.4370458777364989 0.5560899612173893 0.43529594429210844 0.5607564504024303 0.43237938855145785 0.5592009540074167 0.43179607740332776 0.5566084600157272 0.43179607740332776 0.5532382178265308 0.433254355273653 0.548053229843152
0 0.4530869343100774 0.5509049732340103 0.4530869343100774 0.5589417046082477 0.4508995175045894 0.562311946797444 0.44929541184723154 0.5636081937932887 0.44739965061580866 0.5607564504024303 0.44667051168064603 0.5579047070115719 0.44769130618987374 0.5532382178265308 0.44871210069910145 0.5490902274398277 0.45148282865271955 0.5514234720323483
0 0.47073209654101383 0.5511642226331794 0.4700029576058511 0.5592009540074168 0.4650448128467451 0.562571196196613 0.4618366015320294 0.5594602034065856 0.46227408489312694 0.5534974672256998 0.4630032238282896 0.5490902274398277 0.46475315727268 0.5498679756373346 0.4679613685873957 0.5516827214315172
0 0.4870648086886573 0.5560899612173893 0.48429408073503927 0.5560899612173893 0.4819608361425188 0.5602379516040924 0.4797734193370307 0.5581639564107409 0.4797734193370307 0.5542752154232066 0.4802109026981284 0.5509049732340104 0.48239831950361634 0.5485717286414898 0.4864814975405272 0.5509049732340104
0 0.5067515599380492 0.5496087262381656 0.5047099709195938 0.5547937142215446 0.5029600374752033 0.5527197190281931 0.5009184484567479 0.5534974672256998 0.5013559318178455 0.5483124792423208 0.5026683819011384 0.5464977334481383 0.5048557987066263 0.5475347310448141 0.5068973877250819 0.5475347310448141
0 0.5248342055300832 0.547793980443983 0.5225009609375626 0.5537567166248688 0.5217718220024 0.5555714624190514 0.5195844051969121 0.5553122130198824 0.5190010940487819 0.5503864744356725 0.5198760607709771 0.5490902274398277 0.5217718220024 0.5470162322464762 0.5225009609375627 0.5449422370531245