1 0.23278985507246377 0.5152979066022544 0.26992753623188404 0.5233494363929146 0.348731884057971 0.5305958132045089 0.5330615942028986 0.5322061191626409 0.5421195652173914 0.5434782608695652 0.5520833333333334 0.5475040257648953 0.5484601449275363 0.5909822866344605 0.5475543478260869 0.6376811594202898 0.5493659420289855 0.678743961352657 0.5566123188405797 0.714975845410628 0.5561594202898551 0.7302737520128825 0.5457427536231884 0.7463768115942029 0.5371376811594203 0.7479871175523349 0.5289855072463768 0.7391304347826086 0.4963768115942029 0.7278582930756844 0.4583333333333333 0.7230273752012882 0.3641304347826087 0.7246376811594203 0.30027173913043476 0.7198067632850241 0.2608695652173913 0.7286634460547504 0.22826086956521738 0.7286634460547504 0.2259963768115942 0.7069243156199678 0.21965579710144928 0.678743961352657 0.2210144927536232 0.6239935587761675 0.22327898550724637 0.6159420289855072 0.2164855072463768 0.534621578099839
0 0.24661462045104823 0.531845372206148 0.24432990734605214 0.5299339782359552 0.24137321979841014 0.5287393570045847 0.23976048113605997 0.5335178419300667 0.23922290158194331 0.5380574026092746 0.23976048113605997 0.541402342057112 0.24204519424105606 0.5433137360273048 0.24365793290340623 0.5425969632884825 0.24352353801487706 0.5397298723331934 0.24338914312634788 0.5373406298704523 0.24459869712311053 0.5354292359002595
0 0.2608604786351415 0.5354292359002595 0.2576350013104412 0.5332789176837927 0.256022262648091 0.5363849328853559 0.2552158933169159 0.5409244935645638 0.2549471035398575 0.5452251299974976 0.2566942370907369 0.5488089936916092 0.25790379108749956 0.5495257664304315 0.25951652974984973 0.5478532967065127 0.25991971441543726 0.5442694330124013 0.25938213486132056 0.5404466450720157 0.25938213486132056 0.5385352511018229
0 0.2742999674880597 0.5373406298704523 0.2717464646060052 0.5363849328853559 0.2702681208321842 0.5402077208257415 0.2689241719468924 0.5445083572586753 0.26878977705836327 0.5471365239676904 0.270805700386301 0.5514371604006243 0.27188085949453444 0.5528707058782689 0.27322480837982627 0.5521539331394466 0.2742999674880597 0.5480922209527869 0.27282162371423874 0.5454640542437718 0.27241843904865115 0.5433137360273048 0.2730904134912971 0.5399687965794674
0 0.2906961438886198 0.5378184783630006 0.28747066656391945 0.5361460086390818 0.286395507455686 0.5387741753480969 0.2841107943506899 0.5423580390422085 0.28397639946216074 0.5478532967065127 0.2841107943506899 0.5509593119080761 0.28652990234421516 0.5535874786170911 0.28908340522626963 0.5550210240947357 0.28908340522626963 0.5480922209527869 0.2888146154492113 0.5459419027363199 0.2888146154492113 0.5433137360273048 0.2902929592230323 0.5382963268555487
0 0.30682353051212163 0.5421191147959343 0.3031948685218337 0.5394909480869192 0.30292607874477534 0.5428358875347566 0.30225410430212946 0.5459419027363199 0.3025228940791878 0.5504814634155278 0.3015821298594835 0.5540653271096394 0.30386684296447963 0.5581270392962991 0.3060171611809465 0.5581270392962991 0.30736111006623834 0.5523928573857206 0.3069579254006508 0.5464197512288682 0.3080330845088842 0.5440305087661271
0 0.3225477324700358 0.5437915845198531 0.32066620403062734 0.5433137360273048 0.3182470960371021 0.5490479179378832 0.3169031471518103 0.5511982361543502 0.3171719369288686 0.5590827362813955 0.3199942295879814 0.5583659635425732 0.32120378358474405 0.5538264028633653 0.32268212735856505 0.5509593119080761
0 0.3386751190935376 0.5437915845198531 0.3370623804311875 0.543552660273579 0.33558403665736647 0.5497646906767055 0.33424008777207465 0.5497646906767055 0.33558403665736647 0.557888115050025 0.33719677531971665 0.5600384332664919 0.33800314465089176 0.555498872587284 0.33800314465089176 0.5519150088931725
0 0.35641524437938965 0.5495257664304315 0.3533241619432185 0.5468975997214164 0.3518458181693975 0.5504814634155278 0.3509050539496932 0.5511982361543502 0.34956110506440136 0.557888115050025 0.350770659061164 0.5607552060053141 0.3531897670546893 0.5609941302515883 0.35493690060556865 0.5543042513559134
0 0.37227384122583307 0.5468975997214164 0.37039231278642454 0.5466586754751422 0.3690483639011327 0.548331145199061 0.3683763894584868 0.553109630124543 0.367032440573195 0.5595605847739437 0.36998912812083695 0.5614719787441365 0.3706611025634829 0.555498872587284 0.3725426310028914 0.553109630124543
0 0.38799804318374725 0.548331145199061 0.3850413556361053 0.5457029784900459 0.3839661965278719 0.5504814634155278 0.38262224764258007 0.5528707058782689 0.38127829875728825 0.5569324180649285 0.3839661965278719 0.5643390696994257 0.38692288407551384 0.5574102665574768 0.38719167385257225 0.5545431756021876 0.38692288407551384 0.5516760846468983
0 0.40412542980724914 0.5504814634155278 0.40264708603342814 0.548570069445335 0.40009358315137367 0.5464197512288682 0.3990184240431402 0.5464197512288682 0.39874963426608184 0.5521539331394466 0.39874963426608184 0.5571713423112027 0.398884029154611 0.5607552060053141 0.40022797803990284 0.5629055242217811 0.4019751115907822 0.5629055242217811 0.40264708603342814 0.5586048877888473 0.40305027069901567 0.5557377968335581 0.404797404249895 0.5533485543708171
0 0.4206560010963384 0.5490479179378832 0.41998402665369255 0.5547820998484617 0.41864007776840073 0.5557377968335581 0.4182368931028132 0.5574102665574768 0.4183712879913424 0.5605162817590401 0.41622096977487544 0.5619498272366847 0.4144738362239961 0.562666599975507 0.4144738362239961 0.5619498272366847 0.41501141577811285 0.5566934938186545 0.41501141577811285 0.5545431756021876 0.4163553646634046 0.5535874786170911 0.4167585493289922 0.550720387661802 0.41702733910605055 0.548570069445335
0 0.438799311047778 0.5495257664304315 0.4365145979427819 0.5478532967065127 0.4312731972901438 0.5478532967065127 0.4322139615098481 0.5528707058782689 0.4322139615098481 0.5576491908037509 0.4322139615098481 0.5607552060053141 0.43449867461484415 0.5612330544978624 0.435842623500136 0.5581270392962991 0.43745536216248615 0.5552599483410099 0.4385305212707196 0.5545431756021876
0 0.4545235130056922 0.5504814634155278 0.4502228765727584 0.5492868421841574 0.4490133225759958 0.5504814634155278 0.4482069532448207 0.553109630124543 0.4487445327989374 0.5612330544978624 0.449147717464525 0.5621887514829588 0.450626061238346 0.5619498272366847 0.4515668254580502 0.5605162817590401 0.45223879990069615 0.5564545695723804 0.45331395900892957 0.5533485543708171
0 0.46997892518654805 0.5511982361543502 0.466887842750377 0.5497646906767055 0.465409498976556 0.548570069445335 0.46406555009126416 0.5523928573857206 0.4646031296453809 0.5586048877888473 0.4652751040880267 0.5609941302515883 0.46890376607831463 0.5621887514829588 0.4703821098521357 0.5576491908037509 0.4705165047406648 0.5543042513559134
0 0.4896005789118087 0.550720387661802 0.4858375220329916 0.5488089936916092 0.48180567537711605 0.5488089936916092 0.48099930604594093 0.5500036149229797 0.4804617264918242 0.5550210240947357 0.48086491115741176 0.5586048877888473 0.4819400702656452 0.5612330544978624 0.4848967578132872 0.5607552060053141 0.48731586580681246 0.5593216605276696 0.4885254198035751 0.5581270392962991
0 0.5065343348664855 0.5490479179378832 0.5033088575417852 0.5480922209527869 0.5015617239909058 0.5492868421841574 0.4995458006629681 0.5526317816319948 0.4991426159973806 0.5557377968335581 0.4988738262203222 0.5588438120351213 0.5019649086564933 0.5588438120351213 0.5039808319844311 0.5566934938186545 0.5058623604238397 0.5543042513559134 0.5069375195320731 0.550720387661802
0 0.5260215937032169 0.5445083572586753 0.5229305112670457 0.543552660273579 0.5214521674932248 0.5476143724602387 0.5197050339423454 0.5516760846468983 0.5197050339423454 0.5550210240947357 0.5217209572702831 0.5545431756021876 0.5248120397064543 0.5514371604006243 0.5254840141491002 0.5495257664304315 0.5260215937032169 0.5461808269825941