1 0.2391304347826087 0.5169082125603864 0.34692028985507245 0.5314009661835749 0.421195652173913 0.533816425120773 0.5348731884057971 0.5322061191626409 0.5466485507246377 0.5370370370370371 0.552536231884058 0.5450885668276972 0.5543478260869565 0.5539452495974235 0.551177536231884 0.5974235104669887 0.5502717391304348 0.643317230273752 0.5529891304347826 0.6827697262479872 0.5579710144927537 0.7077294685990339 0.5588768115942029 0.7246376811594203 0.5538949275362319 0.7375201288244766 0.5461956521739131 0.7463768115942029 0.49320652173913043 0.7310789049919485 0.4578804347826087 0.7246376811594203 0.36277173913043476 0.7262479871175523 0.3088768115942029 0.7230273752012882 0.23777173913043478 0.7318840579710145 0.22644927536231885 0.7061191626409018 0.22146739130434784 0.6851851851851852 0.22327898550724637 0.6618357487922706 0.22327898550724637 0.6191626409017713 0.2210144927536232 0.5700483091787439 0.21784420289855072 0.5442834138486312 0.22644927536231885 0.5281803542673108
0 0.24351504889270076 0.5308658297400156 0.2436851013011454 0.5347959298462914 0.2436851013011454 0.5396329761309383 0.24215462962514375 0.5429584454516333 0.2385835290478067 0.5402376069165193 0.23773326700558356 0.53388898366792 0.2387535814562513 0.5290519373832729 0.24045410554069754 0.5260287834553685
0 0.26103044696249694 0.5354005606318722 0.25932992287805073 0.5405399223093097 0.25967002769494 0.544772337808376 0.25847966083582763 0.5493070687002325 0.25711924156827065 0.5499116994858134 0.2554187174838244 0.5465862301651185 0.25337808858248895 0.5420514992732619 0.25269787894871043 0.5411445530948906 0.25320803617404436 0.5375167683814054 0.25405829821626746 0.5347959298462914 0.2550786126669352 0.5311681451328061 0.256949189159826 0.5305635143472253
0 0.2739544300042883 0.5354005606318722 0.27225390591984217 0.5423538146660524 0.27446458722962225 0.5474931763434899 0.27327422037050986 0.5520279072353464 0.2729341155536206 0.5541441149848796 0.27072343424384054 0.5502140148786039 0.26800259570872653 0.5459815993795376 0.2669822812580588 0.5438653916300046 0.26766249089183736 0.5402376069165193 0.26766249089183736 0.5372144529886148 0.2698731722016174 0.5360051914174531 0.2710635390607298 0.5347959298462913
0 0.2907896184403061 0.5378190837741956 0.2887489895389706 0.5414468684876811 0.2889190419474152 0.5471908609506995 0.28806877990519214 0.5520279072353464 0.28653830822919046 0.5526325380209274 0.28415757451096574 0.5517255918425561 0.2838174696940765 0.5480978071290707 0.2843276269194104 0.5429584454516333 0.2841575745109658 0.539330660738148 0.2870484654545244 0.5357028760246626
0 0.3069445972425453 0.5423538146660524 0.3074547544678792 0.5456792839867473 0.3066044924256561 0.5517255918425561 0.3062643876087668 0.555051061163251 0.3060943352003222 0.5565626381272031 0.3055841779749883 0.5574695843055744 0.30354354907365283 0.55444643037767 0.30150292017231733 0.5511209610569752 0.3020130773976512 0.5471908609506995 0.30303339184831896 0.5438653916300046 0.30354354907365283 0.5387260299525671 0.30422375870743135 0.5375167683814054
0 0.32463004772078613 0.5423538146660523 0.3230995760447845 0.5480978071290707 0.3236097332701184 0.5517255918425561 0.3213990519603383 0.5562603227344127 0.31986858028433673 0.5580742150911553 0.3190183182421136 0.5589811612695266 0.317487846566112 0.5514232764497656 0.3178279513830012 0.5502140148786039 0.3178279513830012 0.5484001225218612 0.31884826583366893 0.5477954917362804 0.3205487899181152 0.5438653916300046 0.3207188423265598 0.5423538146660524 0.32258941881945064 0.5411445530948905
0 0.3385743452132452 0.5459815993795376 0.33806418798791144 0.5499116994858133 0.3387443976216899 0.55444643037767 0.3387443976216899 0.5610973690190597 0.3361936114950206 0.5623066305902215 0.3344930874105743 0.5589811612695267 0.33381287777679586 0.5541441149848796 0.33347277295990657 0.5508186456641847 0.33381287777679586 0.5490047533074421 0.33500324463590825 0.5468885455579091 0.3361936114950206 0.5438653916300046
0 0.35642984809993067 0.5493070687002325 0.35574963846615226 0.5556556919488318 0.35421916679015064 0.5589811612695267 0.35370900956481677 0.5617019998046406 0.35217853788881515 0.5623066305902215 0.34979780417059037 0.5577718996983649 0.3494576993537012 0.5553533765560413 0.34945769935370125 0.5511209610569752 0.3514983282550367 0.5511209610569752 0.35285874752259366 0.5499116994858133 0.35336890474792754 0.5474931763434899
0 0.3724147744937253 0.5477954917362803 0.37224472208528075 0.5505163302713943 0.3717345648599469 0.5559580073416223 0.37105435522616836 0.5589811612695266 0.37071425040927913 0.5607950536262692 0.368503569099499 0.5589811612695267 0.36714314983194196 0.555051061163251 0.3669730974234974 0.5535394841992987 0.3683335166910544 0.5511209610569752 0.36935383114172216 0.5474931763434899 0.3713944600430576 0.5462839147723282
0 0.38856975329596455 0.546888545557909 0.3868692292115183 0.5526325380209274 0.3870392816199629 0.5565626381272031 0.3861890195777399 0.5610973690190597 0.38482860031018284 0.5638182075541738 0.3831280762257367 0.5644228383397546 0.38227781418351353 0.5604927382334789 0.38142755214129037 0.5577718996983649 0.3809173949159565 0.5556556919488318 0.3817676569581796 0.552330222628137 0.3836382334510705 0.5505163302713943 0.38380828585951515 0.5480978071290707 0.3849986527186275 0.5456792839867473
0 0.4048947845066484 0.5499116994858134 0.4031942604222022 0.5556556919488318 0.4021739459715345 0.5571672689127841 0.40047342188708823 0.5562603227344126 0.3986028453941974 0.5529348534137178 0.3980926881688635 0.5508186456641847 0.3991130026195312 0.5471908609506995 0.4006434742955328 0.5459815993795376
0 0.4210497633088876 0.5499116994858133 0.42036955367510914 0.5541441149848796 0.41951929163288604 0.5562603227344127 0.4188390819991075 0.5580742150911554 0.41781876754843983 0.5620043151974311 0.4161182434639936 0.5638182075541738 0.41373750974576884 0.5580742150911554 0.41424766697110266 0.5562603227344127 0.41628829587243815 0.55444643037767 0.41662840068932744 0.5508186456641847 0.4169685055062166 0.5484001225218612
0 0.43805500415335 0.5508186456641847 0.4365245324773484 0.5541441149848796 0.4361844276604592 0.5604927382334789 0.43380369394223445 0.5626089459830119 0.4322732222662328 0.5607950536262692 0.431252907815565 0.5559580073416223 0.431252907815565 0.5514232764497655 0.431252907815565 0.5499116994858134 0.43312348430845593 0.5480978071290707 0.4338036939422344 0.5477954917362803
0 0.4535297733218107 0.5532371688065082 0.4535297733218107 0.557167268912784 0.4523394064626983 0.5641205229469641 0.4506388823782521 0.5641205229469641 0.44842820106847203 0.5623066305902215 0.44808809625158275 0.5583765304839458 0.4482581486600274 0.5532371688065083 0.44893835829380585 0.5490047533074421 0.449788620336029 0.5490047533074421
0 0.47036496175782844 0.5508186456641847 0.4696847521240499 0.5571672689127841 0.468324332856493 0.5598881074478981 0.465603494321379 0.5610973690190597 0.46373291782848813 0.559888107447898 0.4630527081947097 0.5547487457704604 0.462882655786265 0.5520279072353464 0.4644131274622666 0.5490047533074421 0.46543344191293434 0.5484001225218612 0.468324332856493 0.5514232764497656
0 0.489070726686737 0.5505163302713942 0.48839051705295844 0.5532371688065083 0.4875402550107354 0.5559580073416223 0.4868600453769569 0.5583765304839458 0.4843092592502875 0.5604927382334789 0.48192852553206283 0.5613996844118502 0.48073815867295056 0.5589811612695267 0.48090821108139503 0.5529348534137178 0.48090821108139503 0.5505163302713943 0.4817584731236182 0.5493070687002325
0 0.5065861247565332 0.5484001225218612 0.5057358627143101 0.5526325380209274 0.5047155482636424 0.5562603227344126 0.5033551289960854 0.5589811612695267 0.5011444476863053 0.5586788458767362 0.5001241332356375 0.5568649535199935 0.5009743952778606 0.5532371688065083 0.5013145000947499 0.5508186456641847 0.5013145000947499 0.546888545557909
0 0.5259720993192203 0.5459815993795376 0.5246116800516634 0.5511209610569752 0.5237614180094402 0.55444643037767 0.5208705270658817 0.5562603227344127 0.5203603698405478 0.5562603227344126 0.5198502126152139 0.5505163302713942 0.5203603698405478 0.549004753307442 0.5212106318827708 0.546888545557909 0.5220608939249939 0.544772337808376
0 0.5407666588539025 0.544167707022795 0.5373656106850101 0.5423538146660524 0.534644772149896 0.546888545557909 0.5365153486427869 0.5499116994858134 0.537875767910344 0.5532371688065083 0.5411067636707918 0.546888545557909