1 0.23777173913043478 0.5144927536231884 0.2740036231884058 0.5225442834138486 0.4221014492753623 0.5305958132045089 0.5140398550724637 0.5289855072463768 0.5375905797101449 0.533011272141707 0.5484601449275363 0.5458937198067633 0.5529891304347826 0.5563607085346216 0.5489130434782609 0.5933977455716586 0.5475543478260869 0.6360708534621579 0.5507246376811594 0.6835748792270532 0.5584239130434783 0.7181964573268921 0.5570652173913043 0.7310789049919485 0.5461956521739131 0.7463768115942029 0.5398550724637681 0.7463768115942029 0.49320652173913043 0.7278582930756844 0.44021739130434784 0.7190016103059581 0.3740942028985507 0.7214170692431562 0.31023550724637683 0.7190016103059581 0.2572463768115942 0.7302737520128825 0.23958333333333334 0.7310789049919485 0.22509057971014493 0.7020933977455717 0.22146739130434784 0.6827697262479872 0.2223731884057971 0.6167471819645732 0.21965579710144928 0.5700483091787439 0.21603260869565216 0.5450885668276972 0.22418478260869565 0.5217391304347826 0.22916666666666666 0.5169082125603864
0 0.2457257302024809 0.5299588835616442 0.2443653109349239 0.5357028760246627 0.2447054157518131 0.5414468684876811 0.24130436758292068 0.5423538146660523 0.2389236338646959 0.5411445530948905 0.23841347663936208 0.5363075068102435 0.23790331941402823 0.5317727759183869 0.23892363386469595 0.5275403604193206 0.24096426276603142 0.5257264680625781 0.24317494407581156 0.5296565681688538
0 0.26052028973716307 0.5329820374895486 0.2586497132442723 0.5375167683814053 0.2594999752864954 0.5429584454516333 0.25967002769494 0.5465862301651185 0.2584796608358277 0.5484001225218612 0.25711924156827065 0.5496093840930231 0.25660908434293683 0.5490047533074421 0.2557588223007137 0.5462839147723281 0.2545684554416013 0.5435630762372141 0.2537181933993782 0.5390283453453575 0.25354814099093353 0.5360051914174532 0.2554187174838244 0.5308658297400156 0.2567791367513814 0.5296565681688538
0 0.27361432518739914 0.5360051914174532 0.27191380110295293 0.5390283453453575 0.2719138011029529 0.5450746532011663 0.27310416796206527 0.5474931763434899 0.2739544300042884 0.5487024379146517 0.2734442727789545 0.5526325380209274 0.27208385351139747 0.5535394841992987 0.27072343424384054 0.5529348534137178 0.2688528577509497 0.5493070687002325 0.26749243848339266 0.5474931763434899 0.26868280534250505 0.5450746532011663 0.2688528577509497 0.5402376069165193 0.2685127529340604 0.539330660738148 0.2691929625678389 0.5378190837741957 0.270043224610062 0.5347959298462913
0 0.29044951362341687 0.5372144529886148 0.28772867508830285 0.539330660738148 0.28772867508830285 0.5438653916300046 0.2884088847220813 0.5462839147723281 0.2878987274967475 0.5514232764497655 0.285858098595412 0.5517255918425561 0.2839875221025212 0.5496093840930231 0.2816067883842964 0.5471908609506995 0.2826271028349641 0.544772337808376 0.284497679327855 0.5420514992732619 0.28534794137007813 0.5384237145597767 0.28619820341230123 0.5357028760246626
0 0.30609433520032225 0.5372144529886148 0.30575423038343297 0.5414468684876811 0.3062643876087668 0.5465862301651185 0.3059242827918776 0.5499116994858134 0.30439381111587593 0.5532371688065083 0.301672972580762 0.5511209610569752 0.30133286776387275 0.546888545557909 0.30133286776387275 0.5411445530948906 0.3008227105385389 0.5375167683814054 0.3025232346229851 0.5357028760246626 0.3028633394398743 0.5354005606318722
0 0.32275947122789533 0.5390283453453575 0.32224931400256146 0.5438653916300046 0.32258941881945064 0.5490047533074421 0.3207188423265598 0.5535394841992988 0.31935842305900286 0.5556556919488318 0.31731779415766737 0.5547487457704605 0.31646753211544426 0.5508186456641847 0.31663758452388885 0.5468885455579091 0.31697768934077813 0.5441677070227952 0.3190183182421136 0.5426561300588428 0.31969852787589204 0.5414468684876811 0.3203787375096706 0.539330660738148
0 0.33806418798791144 0.5405399223093097 0.33636366390346517 0.5444700224155854 0.3373839783541329 0.5477954917362803 0.33840429280480067 0.5511209610569752 0.3378941355794668 0.5562603227344127 0.33500324463590825 0.555051061163251 0.3324524585092388 0.5520279072353464 0.33194230128390495 0.5480978071290707 0.33194230128390495 0.5453769685939568 0.33347277295990657 0.5426561300588428 0.3353433494527974 0.5396329761309384
0 0.35574963846615226 0.5399352915237288 0.35455927160703987 0.5456792839867473 0.3562597956914861 0.5480978071290707 0.3542191667901506 0.5556556919488318 0.35098817102970276 0.5541441149848796 0.3487774897199227 0.5511209610569752 0.3482673324945888 0.5477954917362804 0.3494576993537012 0.5459815993795377 0.3516683806634813 0.5438653916300046 0.3518384330719259 0.5408422377021002
0 0.37190461726839147 0.5417491838804714 0.37105435522616836 0.5477954917362803 0.3713944600430576 0.5514232764497656 0.3705441980008345 0.5562603227344126 0.368503569099499 0.5556556919488318 0.3671431498319421 0.5520279072353464 0.3662928877897189 0.5487024379146517 0.36612283538127427 0.5462839147723282 0.36646294019816356 0.5438653916300046 0.3676533070572759 0.5414468684876811
0 0.3875494388452968 0.5438653916300046 0.38584891476085054 0.5487024379146517 0.38584891476085054 0.5532371688065083 0.38448849549329356 0.5580742150911554 0.38312807622573664 0.5586788458767362 0.3821077617750689 0.5556556919488318 0.38108744732440114 0.5517255918425561 0.3804072376906226 0.5493070687002325 0.38108744732440114 0.544772337808376 0.382958023817292 0.5420514992732619 0.3836382334510705 0.5411445530948906
0 0.40438462728131447 0.5465862301651185 0.40234399837997903 0.5502140148786039 0.4023439983799791 0.5541441149848796 0.3997932122533097 0.557167268912784 0.39877289780264197 0.557167268912784 0.3980926881688635 0.5526325380209274 0.3970723737181958 0.5493070687002325 0.39707237371819576 0.5465862301651185 0.397412478535085 0.544167707022795 0.39826274057730815 0.5396329761309384 0.401493736337756 0.5444700224155854
0 0.42121981571733225 0.5453769685939568 0.42053960608355373 0.5508186456641847 0.41951929163288604 0.5526325380209274 0.41798881995688447 0.5532371688065083 0.41662840068932744 0.5541441149848796 0.41662840068932744 0.5529348534137178 0.4161182434639936 0.5484001225218612 0.4150979290133258 0.5465862301651185
0 0.4392453710124623 0.5438653916300046 0.43771489933646074 0.5487024379146516 0.4382250565617946 0.5538417995920891 0.4344839035760129 0.5547487457704604 0.43261332708312206 0.5529348534137178 0.4310828554071204 0.5493070687002325 0.43108285540712044 0.544772337808376 0.4315930126324543 0.5429584454516333 0.4349940608013468 0.5444700224155854
0 0.45438003536403393 0.5453769685939568 0.4540399305471446 0.5493070687002325 0.4548901925893677 0.5556556919488318 0.4523394064626983 0.557167268912784 0.4501287251529183 0.5556556919488318 0.4494485155191398 0.5514232764497656 0.44842820106847203 0.5477954917362803 0.4485982534769167 0.5444700224155855 0.44876830588536126 0.5414468684876811 0.45165919682891986 0.5450746532011663
0 0.4696847521240499 0.544167707022795 0.4701949093493839 0.5487024379146517 0.4707050665747178 0.5514232764497656 0.4686644376733822 0.5553533765560413 0.46458317987071124 0.5565626381272032 0.4635628654200435 0.5526325380209274 0.4637329178284882 0.5477954917362804 0.46458317987071124 0.5444700224155855 0.4649232846876006 0.5429584454516333
0 0.4887306218698478 0.5456792839867473 0.48839051705295855 0.5499116994858134 0.4851595212925107 0.5529348534137178 0.48277878757428605 0.5529348534137178 0.48226863034895207 0.5526325380209274 0.48192852553206283 0.5487024379146516 0.48192852553206283 0.5435630762372142 0.48260873516584135 0.5414468684876811 0.4854996261093999 0.5438653916300046
0 0.5079465440240902 0.5444700224155854 0.5067561771649779 0.5505163302713943 0.5047155482636424 0.552330222628137 0.5026749193623068 0.5526325380209274 0.5016546049116393 0.552330222628137 0.5016546049116392 0.5502140148786039 0.5016546049116393 0.5462839147723282 0.5014845525031946 0.5423538146660524 0.5045454958551978 0.544772337808376
0 0.5254619420938864 0.5435630762372141 0.5259720993192204 0.5474931763434899 0.5268223613614434 0.5493070687002325 0.5244416276432187 0.5520279072353466 0.5215507366996601 0.5532371688065083 0.5203603698405478 0.5541441149848796 0.5200202650236584 0.5526325380209274 0.5200202650236584 0.549609384093023 0.5208705270658817 0.5471908609506994 0.5222309463334386 0.544167707022795 0.5225710511503279 0.5417491838804714
0 0.5390661347694563 0.544167707022795 0.5373656106850101 0.5474931763434899 0.5380458203187886 0.5520279072353464 0.540086449220124 0.5529348534137178 0.5416169208961257 0.5514232764497656 0.5428072877552381 0.5487024379146517 0.5411067636707918 0.5456792839867473