1 0.2898550724637681 0.4863123993558776 0.37273550724637683 0.4967793880837359 0.3999094202898551 0.4967793880837359 0.4279891304347826 0.4919484702093398 0.4370471014492754 0.4967793880837359 0.43976449275362317 0.5040257648953301 0.4379528985507246 0.5177133655394525 0.4388586956521739 0.5394524959742351 0.44972826086956524 0.5684380032206119 0.4492753623188406 0.5950080515297906 0.4433876811594203 0.6328502415458938 0.4479166666666667 0.7053140096618358 0.44655797101449274 0.7230273752012882 0.4320652173913043 0.7351046698872786 0.4166666666666667 0.7359098228663447 0.33559782608695654 0.7254428341384863 0.2884963768115942 0.7254428341384863 0.2653985507246377 0.7190016103059581 0.259963768115942 0.7093397745571659 0.2658514492753623 0.7061191626409018 0.27219202898550726 0.6956521739130435 0.27943840579710144 0.6473429951690821 0.2776268115942029 0.5547504025764896 0.27355072463768115 0.5040257648953301 0.27807971014492755 0.49355877616747185
0 0.2873855225638202 0.4988135179177747 0.28285024340710563 0.5009635761846617 0.27876849216606236 0.4990822752011355 0.2813384836882007 0.49424464410063995 0.2826990674352151 0.49370712953391815
0 0.3032589996123217 0.5041886635849921 0.299026072399388 0.5060699645685182 0.298119016568045 0.5092950519688486 0.29539784907401617 0.5101013238189311 0.2944907932426733 0.506338721851879 0.2932813854675494 0.5012323334680225 0.29403726532700186 0.49800724606769214 0.29403726532700186 0.49478215866736175 0.29947960031505944 0.49961978976785737
0 0.3148995494478893 0.506338721851879 0.3173183649981372 0.5082200228354051 0.31520190139167037 0.5103700811022921 0.3147483734759989 0.5138639257859834 0.31217838195386055 0.514670197636066 0.31051544626306515 0.5138639257859834 0.30930603848794125 0.5106388383856529 0.3091548625160508 0.5084887801187661 0.30930603848794125 0.5052636927184355 0.3091548625160508 0.5020386053181052 0.3127830858414225 0.5036511490182703
0 0.33077302649639073 0.5092950519688486 0.3301683226088288 0.5125201393691791 0.3312265544120622 0.5154764694861486 0.3269936271991285 0.5170890131863138 0.32397010776131874 0.5170890131863138 0.3238189317894282 0.5152077122027878 0.32472598762077115 0.5133264112192617 0.32517951553644264 0.5117138675190964 0.32351657984564725 0.5079512655520443 0.32351657984564725 0.5060699645685182 0.32593539539589506 0.5052636927184356
0 0.34528591979787765 0.506069964568518 0.34180887244439645 0.5041886635849921 0.3384830010628057 0.5047261781517138 0.3386341770346962 0.5084887801187661 0.3409018166130535 0.5119826248024573 0.3428671042476299 0.5138639257859834 0.34558827174165874 0.5127888966525399 0.3477047353481255 0.5117138675190965 0.3474023834043446 0.5092950519688486
0 0.3649387961436414 0.5101013238189313 0.3622176286496125 0.5127888966525399 0.35979881309936473 0.5160139840528704 0.3581358774085693 0.5162827413362312 0.35783352546478836 0.5122513820858182 0.35617058977399296 0.5090262946854878 0.3551123579707596 0.5060699645685182 0.3579847014366788 0.5058012072851573 0.3591941092118028 0.5082200228354051 0.3614617487901601 0.5082200228354051
0 0.39608104635308217 0.5109075956690139 0.3941157587185057 0.5103700811022921 0.39048753539313413 0.5090262946854878 0.38837107178666724 0.510638838385653 0.38746401595532426 0.5114451102357356 0.38837107178666724 0.5157452267695095 0.3900340074774626 0.5173577704696747 0.3919992951120389 0.516551498619592 0.3933598788590533 0.5160139840528705
0 0.3786958095856758 0.5138639257859834 0.37688169792299 0.5109075956690138 0.3752187622321946 0.5111763529523747 0.3732534745976182 0.5125201393691791 0.37249759473816585 0.5154764694861487 0.37355582654139924 0.5181640423197573 0.37642817000731854 0.5181640423197573
0 0.41059393965456914 0.5090262946854878 0.4071168923010879 0.5076825082686834 0.40530278063840197 0.5076825082686834 0.40484925272273053 0.5082200228354051 0.40348866897571617 0.5127888966525399 0.40651218841352593 0.5149389549194269 0.40651218841352593 0.5173577704696747 0.4096868838232262 0.5149389549194269
0 0.42616506475928956 0.5092950519688486 0.42208331351824635 0.5087575374021269 0.42072272977123193 0.5138639257859834 0.4205715537993414 0.5170890131863138 0.42329272129337026 0.5181640423197573 0.4251068329560561 0.5162827413362312 0.4252580089279466 0.5133264112192617