1 0.6435688405797102 0.2181964573268921 0.6508152173913043 0.2181964573268921 0.6580615942028986 0.22302737520128824 0.6684782608695652 0.23993558776167473 0.6684782608695652 0.249597423510467 0.6557971014492754 0.3140096618357488 0.6526268115942029 0.34541062801932365 0.6598731884057971 0.37922705314009664 0.657608695652174 0.4106280193236715 0.6616847826086957 0.44122383252818037 0.6598731884057971 0.44847020933977455 0.6471920289855072 0.45491143317230276 0.582427536231884 0.45410628019323673 0.5679347826086957 0.4573268921095008 0.5597826086956522 0.4533011272141707 0.5362318840579711 0.4533011272141707 0.5271739130434783 0.4476650563607085 0.5009057971014492 0.4468599033816425 0.44067028985507245 0.45491143317230276 0.4270833333333333 0.4581320450885668 0.41938405797101447 0.463768115942029 0.411231884057971 0.45893719806763283 0.40896739130434784 0.45088566827697263 0.40896739130434784 0.4420289855072464 0.41032608695652173 0.4355877616747182 0.416213768115942 0.427536231884058 0.416213768115942 0.4106280193236715 0.41893115942028986 0.3969404186795491 0.41847826086956524 0.3784219001610306 0.422554347826087 0.3711755233494364 0.41938405797101447 0.3534621578099839 0.41847826086956524 0.31239935587761675 0.42028985507246375 0.30434782608695654 0.4148550724637681 0.2890499194847021 0.416213768115942 0.2471819645732689 0.42028985507246375 0.23752012882447665 0.4266304347826087 0.23671497584541062 0.4329710144927536 0.24476650563607086 0.4411231884057971 0.24557165861513688 0.44882246376811596 0.250402576489533 0.4846014492753623 0.24879227053140096 0.48777173913043476 0.25120772946859904 0.5194746376811594 0.25120772946859904 0.5276268115942029 0.24879227053140096 0.5353260869565217 0.2536231884057971 0.5421195652173914 0.25120772946859904 0.5561594202898551 0.25523349436392917 0.6173007246376812 0.2536231884057971 0.6308876811594203 0.2471819645732689 0.6313405797101449 0.2359098228663446 0.6340579710144928 0.2278582930756844
0 0.4386354403991453 0.2527035083499884 0.4395682492859749 0.2618880881587714 0.44143386705963394 0.2597195068150309 0.4460261569640254 0.2599746340319416 0.44365825748207355 0.25461696247681814 0.43877894945865753 0.25257594474153305
0 0.4516947648147587 0.2648220511532437 0.4540626642967106 0.259336815989665 0.4602335538557366 0.25818874351356713 0.4576503907845164 0.2552547805190948 0.45076195592792917 0.2560201621698267
0 0.4664044434147627 0.2626534698095033 0.47200129673573993 0.2574233618628352 0.4701356789620808 0.2555099077360054 0.46539987999817706 0.255765034952916
0 0.4813293856040351 0.2646944875447884 0.48463009397281653 0.26201565176722674 0.4854193938001338 0.2607400156826735 0.48764378422257343 0.2612502701164948 0.4865674662762317 0.2567855438205586 0.47939201330062 0.2558925985613714 0.4787462225328149 0.2594643795981203 0.4813293856040351 0.2644393603278778
0 0.49524976437672197 0.2678835777561714 0.49819170009672264 0.2630361606348693 0.5019229356440408 0.2618880881587714 0.49977029975135734 0.2584438707304777 0.49288186489477004 0.25755092547129055 0.4925230922459895 0.2655874328039757
0 0.5108922518635555 0.26788357775617144 0.5166326142440448 0.26290859702641395 0.5149822600596542 0.25959194320657564 0.5126143605777024 0.25831630712202247 0.5108922518635555 0.25563747134446074 0.5076632980245301 0.2574233618628352 0.508093825203067 0.26367397867714587
0 0.5266064938801452 0.26762845053926076 0.5286873752430726 0.2650771783701544 0.5316293109630734 0.2632912878517799 0.5300507113084387 0.26010219764039694 0.5285438661835604 0.25755092547129055 0.5218706949162415 0.25755092547129055 0.5229470128625832 0.26469448754478847 0.5250996487552667 0.2644393603278778
0 0.5398810818850269 0.2691592138407246 0.543612317432345 0.2654598691955203 0.5472717984499069 0.26456692393633313 0.543038281194296 0.2588265615558437 0.5378002005220995 0.25844387073047775 0.5382307277006362 0.2631637242433246 0.53815897317088 0.2680111413646268
0 0.5540884787767381 0.2701797227083672 0.5587525232108858 0.2666079416716182 0.5579632233835684 0.26227077898413736 0.554662515014787 0.26265346980950327 0.5545907604850309 0.2604848884657629 0.5517205792947862 0.2604848884657629 0.5525098791221035 0.26864895940690336
0 0.5677218394304004 0.2713277951844651 0.5731751836918654 0.2650771783701544 0.5725293929240602 0.2618880881587714 0.5706637751504012 0.2632912878517799 0.5695874572040595 0.25959194320657564 0.5654974490079607 0.26125027011649476 0.5657127125972291 0.26813870497308206 0.5652104308889363 0.26979703188300125
0 0.5850864356313809 0.26979703188300125 0.5889611802382112 0.2655874328039757 0.587669598702601 0.2631637242433246 0.5836513450362584 0.2611227065080395 0.5817857272625994 0.2598470704234863 0.5786285279533302 0.26137783372495016 0.5791308096616231 0.26533230558706505 0.5820727453816239 0.26482205115324375
0 0.6005136595289461 0.2724758676605629 0.6033120861894345 0.2668630688885289 0.5980022509874819 0.26137783372495016 0.5941275063806516 0.2608675792911288 0.5944862790294322 0.2682662685815374 0.5976434783387014 0.26877652301535865
0 0.6135729839445595 0.2722207404436523 0.615848486553635 0.26962092470872995 0.6172206260387479 0.2648856982503009 0.6157256198372429 0.26341885146023525 0.6149363200099256 0.26010219764039694 0.608406657802119 0.26035732485730756 0.6095547302782169 0.27043484992527783 0.6125684205279738 0.26903165023226927
0 0.629143716901637 0.268904086623814 0.6296505954921241 0.264024747985132 0.6290002078421246 0.2615053973334054 0.6264887993006605 0.25984707042348626 0.6254124813543188 0.2585714343389331 0.621896509396269 0.2588265615558437 0.6241208998187086 0.26507717837015443 0.6259147630626115 0.2668630688885289 0.6279238898957828 0.2673733233223502 0.6277086263065145 0.26966946827454585
0 0.6373184337912848 0.25369334480310507 0.6361077224808909 0.2534063613813821 0.6350584393452162 0.25469778677913546 0.6355427238693738 0.2585720629723956 0.6358655802188121 0.26072443863531786 0.6369148633544868 0.2605809469244563 0.6378834324028018 0.26273332258737864 0.6395784282373531 0.2618723723222097 0.6410312818098256 0.26258983087651716 0.6418384226834214 0.26589014022633134 0.6433719903432535 0.26646410706977725 0.643856274867411 0.26589014022633134 0.642887705819096 0.26316379771996307 0.6425648494696578 0.259289521526703 0.6424034212949385 0.25885904639411855 0.6406277113730277 0.2582850795506726 0.6387712873637572 0.2571371458637807 0.6379641464901614 0.25498477020085847