1 0.28894927536231885 0.4758454106280193 0.3134057971014493 0.48470209339774556 0.35280797101449274 0.4927536231884058 0.44972826086956524 0.5024154589371981 0.4941123188405797 0.501610305958132 0.5344202898550725 0.49033816425120774 0.5375905797101449 0.49516908212560384 0.5384963768115942 0.5080515297906603 0.5421195652173914 0.5177133655394525 0.5384963768115942 0.5410628019323671 0.5389492753623188 0.5684380032206119 0.5353260869565217 0.5845410628019324 0.5339673913043478 0.607085346215781 0.5335144927536232 0.6747181964573269 0.5362318840579711 0.6940418679549114 0.5353260869565217 0.7101449275362319 0.5303442028985508 0.717391304347826 0.5221920289855072 0.7222222222222222 0.5063405797101449 0.7230273752012882 0.4311594202898551 0.71658615136876 0.38269927536231885 0.7061191626409018 0.3446557971014493 0.7045088566827697 0.2866847826086957 0.7093397745571659 0.27898550724637683 0.7053140096618358 0.2753623188405797 0.6956521739130435 0.27807971014492755 0.6272141706924316 0.2758152173913043 0.5571658615136876 0.26403985507246375 0.5040257648953301 0.2658514492753623 0.49597423510466987 0.2767210144927536 0.47987117552334946
0 0.29891234191984895 0.4950697307907952 0.29504614385362765 0.4946769741618458 0.29029624337227017 0.4946769741618458 0.2881974501363215 0.4911421645013006 0.28565680569280466 0.4897675162999775 0.28643004530604893 0.4868218415828566 0.28874976414578163 0.4842689234946851 0.29062763177794626 0.48407254518021037 0.29327873902335516 0.48544719338153347 0.29548799506119583 0.4897675162999775
0 0.31437222266901693 0.4968036976244729 0.31137127290098754 0.49939037486560256 0.3090068882352674 0.5027853887445853 0.3069153171848227 0.502947056072156 0.306187814210755 0.5023003867618735 0.3057331248519627 0.5001987115034556 0.3060968763389965 0.4969653649520434 0.3072790686718566 0.4953486916763374 0.3087340746199921 0.49437868771091387
0 0.3326507348924686 0.5026237214170147 0.32928603363740533 0.5042403946927208 0.3261941459976175 0.5071504065889917 0.32319319622958814 0.5055337333132857 0.3230113204860712 0.5026237214170147 0.32428445069068973 0.49971370952074373 0.3248300779212405 0.4976120342623259 0.3285585306633376 0.5001987115034556
0 0.35029268201361097 0.5087670798646977 0.34647329139975547 0.5102220858128331 0.3441998446057938 0.5120004264161098 0.34138077058128136 0.5126470957263923 0.3401985782484213 0.5103837531404037 0.339562013146112 0.5074737412441328 0.3407442054789721 0.5066654046062798 0.3419263978118321 0.5048870640030032 0.3416535841965567 0.5021387194343029 0.3424720250423829 0.5006837134861674 0.34356327950348453 0.5018153847791617 0.34529109906689537 0.5037553927100089
0 0.36629774744310095 0.5097370838301214 0.36375148703386395 0.512808763053963 0.3614780402399023 0.5157187749502339 0.35856802834363144 0.5163654442605162 0.356931146651979 0.5131320977091042 0.35574895431911896 0.5110304224506863 0.356931146651979 0.5100604184852626 0.3582042768565975 0.5090904145198389 0.358295214728356 0.5060187352959974 0.35838615260011447 0.5042403946927206 0.3595683449329745 0.503755392710009
0 0.3832121915901757 0.5108687551231157 0.38012030395038787 0.5149104383123808 0.37730122992587545 0.5141021016745279 0.3763009133365323 0.5123237610712511 0.37557341036246455 0.5110304224506863 0.3760280997212569 0.5056954006408562 0.37748310566939236 0.5056954006408563
0 0.39848975404559794 0.5098987511576919 0.3983988161738395 0.5121620937436805 0.3965800587386702 0.514425436329669 0.3951250527905347 0.514425436329669 0.39348817109888234 0.5132937650366748 0.3912147243049207 0.5131320977091042 0.3902144077155776 0.5136170996918159 0.38966878048502673 0.5105454204679744 0.39012346984381907 0.5074737412441329 0.3919422272789884 0.5058570679684269
0 0.41549513606443106 0.5134554323642453 0.4134945028857449 0.5173354482259399 0.4104026152459571 0.5187904541740753 0.4081291684519954 0.5191137888292165 0.4068560382473768 0.5171737808983693 0.4072197897344107 0.5149104383123807 0.40785635483671995 0.5129704303815334 0.4075835412214446 0.5094137491749802 0.4085838578107877 0.5074737412441328
0 0.4298633198022688 0.5158804422778044 0.42995425767402723 0.5195987908119284 0.4257711155731378 0.5233171393460524 0.4244070474967608 0.5212154640876344 0.42113328411345596 0.5215387987427756 0.42067859475466374 0.5186287868465048 0.4225882900615915 0.5166887789156575 0.42404329600972696 0.5145871036572396 0.4228611036768669 0.5108687551231157 0.4241342338814854 0.5094137491749802 0.4273170593930317 0.5157187749502339
0 0.4459593231035172 0.5178204502086518 0.4438677520530725 0.5202454601222108 0.44232180823317857 0.5226704700357698 0.44059398866976773 0.5241254759839054 0.43859335549108147 0.5239638086563347 0.435956157210086 0.5234788066736229 0.4376839767734968 0.5199221254670695 0.4399574235674585 0.5181437848637929 0.43950273420866615 0.5137787670193865
0 0.46278282937883347 0.5195987908119284 0.4606003204566303 0.5241254759839054 0.4594181281237702 0.5236404740011935 0.45796312217563473 0.5217004660703463 0.45632624048398235 0.5210537967600638 0.4534162285877114 0.5221854680530581 0.45296153922891913 0.5195987908119283 0.45368904220298684 0.517658782881081 0.4560534268687069 0.5155571076226633
0 0.47724195098842953 0.5212154640876344 0.4774238267319465 0.5241254759839052 0.47678726162963725 0.5268738205526057 0.475968820783811 0.5280054918455999 0.4746047527074341 0.5288138284834529 0.4730588088875401 0.5268738205526057 0.4697850455042353 0.5262271512423232 0.4696031697607185 0.5254188146044702 0.46969410763247693 0.5215387987427756 0.47042161060654464 0.5195987908119284 0.4715128650676462 0.5173354482259399 0.47242224378523084 0.5166887789156573
0 0.49479296023781344 0.5189521215016459 0.4938835815202289 0.5228321373633404 0.48933668793230545 0.5294604977937354 0.48606292454900063 0.5263888185698938 0.48388041562679757 0.5260654839147526 0.48424416711383145 0.5223471353806287 0.4862448002925177 0.5187904541740754 0.4862448002925177 0.5162037769329456 0.48606292454900074 0.5139404343469571
0 0.5095248954626849 0.5137787670193865 0.5087064546168587 0.5191137888292165 0.506614883566414 0.5236404740011935 0.5055236291053125 0.5239638086563347 0.5035229959266262 0.5226704700357698 0.501340487004423 0.5213771314152049 0.5010676733891477 0.5199221254670695 0.5017042384914568 0.5170121135707987 0.5008857976456307 0.5120004264161098 0.501340487004423 0.5108687551231157
0 0.5240749549440394 0.5090904145198389 0.5223471353806286 0.5199221254670695 0.5213468187912856 0.5213771314152049 0.51870962051029 0.5179821175362223 0.5168908630751207 0.5181437848637929 0.5164361737163283 0.517658782881081 0.5163452358445699 0.5134554323642453 0.5167089873316038 0.5100604184852625 0.5166180494598454 0.5074737412441328 0.5176183660491884 0.5063420699511387 0.5206193158172178 0.5084437452095566