1 0.27853260869565216 0.4694041867954911 0.28532608695652173 0.47020933977455714 0.29483695652173914 0.4782608695652174 0.32608695652173914 0.48711755233494364 0.358695652173913 0.4919484702093398 0.4076086956521739 0.49355877616747185 0.432518115942029 0.499194847020934 0.485054347826087 0.500805152979066 0.519927536231884 0.49597423510466987 0.5276268115942029 0.49114331723027377 0.5366847826086957 0.49114331723027377 0.541213768115942 0.4943639291465378 0.5461956521739131 0.5040257648953301 0.5480072463768116 0.533011272141707 0.5439311594202898 0.5426731078904992 0.5403079710144928 0.5869565217391305 0.5375905797101449 0.5998389694041868 0.5384963768115942 0.644122383252818 0.5353260869565217 0.677938808373591 0.5389492753623188 0.6924315619967794 0.5380434782608695 0.7061191626409018 0.5285326086956522 0.7206119162640902 0.5221920289855072 0.7230273752012882 0.4379528985507246 0.7198067632850241 0.3804347826086957 0.7061191626409018 0.3007246376811594 0.7077294685990339 0.28894927536231885 0.710950080515298 0.27853260869565216 0.7181964573268921 0.26811594202898553 0.7181964573268921 0.26268115942028986 0.714170692431562 0.259963768115942 0.7061191626409018 0.2726449275362319 0.6803542673107891 0.276268115942029 0.6400966183574879 0.2776268115942029 0.6183574879227053 0.27717391304347827 0.5797101449275363 0.2749094202898551 0.5523349436392915 0.276268115942029 0.5362318840579711 0.2703804347826087 0.5233494363929146 0.2558876811594203 0.5072463768115942 0.2536231884057971 0.4887278582930757 0.26902173913043476 0.4742351046698873
0 0.29701270364949134 0.49481211403366243 0.2902929592230323 0.4952899625262106 0.2886802205606821 0.4909893260932768 0.2857235330130401 0.4876443866454394 0.287873851229507 0.4869276139066171 0.29123372344273657 0.4857329926752466 0.2951311752100828 0.4909893260932768
0 0.31314009027299317 0.49744028074267754 0.31166174649917217 0.5003073716979667 0.30937703339417605 0.5024576899144336 0.30668913562359246 0.5031744626532559 0.3035980531874213 0.4988738262203221 0.3046732122956547 0.4972013564964034 0.30534518673830063 0.4921839473246473 0.30789868962035505 0.4921839473246473 0.3091082436171177 0.49385641704856603
0 0.33222416444413694 0.5026966141607078 0.32926747689649494 0.5060415536085452 0.3255044200176779 0.507952947578738 0.3230853120241526 0.5084307960712862 0.32120378358474405 0.5036523111458041 0.3205318091420981 0.5012630686830631 0.32335410180121094 0.500785220190515 0.32429486602091523 0.4981570534814998 0.32429486602091523 0.4960067352650329 0.3268483689029697 0.49672350800385523 0.3295362666735533 0.5003073716979667
0 0.34996428972998894 0.5077140233324638 0.34673881240528853 0.5101032657952048 0.3443197044117633 0.5122535840116718 0.34163180664117965 0.5124925082579459 0.33948148842471276 0.5110589627803013 0.3382719344279501 0.5098643415489308 0.3382719344279501 0.5072361748399157 0.341900596418238 0.505802629362271 0.341900596418238 0.5034133868995301 0.341900596418238 0.501024144436789 0.346335627739701 0.5041301596383523
0 0.36541970191084483 0.5105811142877531 0.36286619902879036 0.5132092809967682 0.3601783012582067 0.515120674966961 0.3565496392679188 0.5144039022281387 0.3548025057170395 0.5110589627803013 0.3577591932646815 0.5096254173026566 0.358162377930269 0.5050858566234487 0.3592375370385025 0.5038912353920783 0.36192543480908607 0.5062804778548192
0 0.3830254323081676 0.5098643415489308 0.38114390386875907 0.5136871294893164 0.3792623754293505 0.5155985234595092 0.3771120572128836 0.5155985234595092 0.3734833952225957 0.515120674966961 0.3710642872290704 0.5144039022281387 0.37025791789789536 0.5136871294893164 0.3713330770061288 0.5122535840116718 0.3725426310028914 0.5105811142877531 0.37308021055700813 0.507952947578738 0.3726770258914206 0.5048469323771746 0.3734833952225957 0.5029355384069818 0.37469294921935836 0.5050858566234487 0.37684326743582525 0.5050858566234487 0.37979995498346725 0.5084307960712862
0 0.39821205471196514 0.5122535840116718 0.39565855182991067 0.5148817507206869 0.3940458131675605 0.5146428264744127 0.3904171511772726 0.5144039022281387 0.38867001762639325 0.5139260537355904 0.38826683296080566 0.510342190041479 0.38867001762639325 0.5077140233324638 0.3917611000625644 0.5048469323771746 0.3945833927216772 0.5074750990861897 0.39740568538079 0.5089086445638343
0 0.41474262600105444 0.5134482052430422 0.4128610975616459 0.5165542204446055 0.41165154356488326 0.5165542204446055 0.410710779345179 0.5191823871536206 0.40748530202047867 0.5177488416759761 0.4057381684695993 0.5144039022281387 0.40681332757783273 0.5112978870265753 0.4078884866860662 0.5072361748399157 0.4093668304598872 0.5067583263473674 0.41124835889929573 0.5096254173026566 0.41353307200429185 0.5115368112728494
0 0.4301980381819103 0.5160763719520574 0.4283165097425018 0.5210937811238134 0.42509103241780144 0.5237219478328285 0.4224031346472178 0.5227662508477322 0.42146237042751356 0.5213327053700876 0.42159676531604273 0.5172709931834278 0.4232095039783929 0.5160763719520574 0.4232095039783929 0.5120146597653976 0.4241502681980972 0.5096254173026566 0.42603179663750573 0.5129703567504941 0.42697256085720997 0.5160763719520574
0 0.445519055474237 0.5187045386610725 0.4430999474807118 0.5206159326312653 0.4416216037068908 0.5239608720791027 0.4381273366051321 0.5234830235865545 0.437320967273957 0.5213327053700876 0.4375897570510153 0.5194213113998948 0.4393368906018947 0.5165542204446055 0.4393368906018947 0.5122535840116718 0.4414872088183616 0.5144039022281387 0.44430950147747444 0.5165542204446055
0 0.46191523187479716 0.5191823871536206 0.4619152318747972 0.5232440993402804 0.4600337034353887 0.5251554933104732 0.45868975455009686 0.5244387205716509 0.45734580566480504 0.5213327053700876 0.4554642772253965 0.5203770083849912 0.45331395900892957 0.5210937811238134 0.45331395900892957 0.517509917429702 0.455061092559809 0.515359599213235 0.45815217499598015 0.5160763719520574
0 0.47723624916712387 0.5208548568775394 0.47790822360976987 0.5241997963253768 0.47656427472447793 0.5289782812508588 0.4746827462850695 0.5258722660492955 0.4718604536259566 0.524677644817925 0.4710540842947816 0.5241997963253768 0.4707852945177233 0.519899159892443 0.4717260587374274 0.5170320689371538 0.473607587176836 0.5170320689371538 0.4756235105047737 0.5194213113998948
0 0.49470758467591747 0.5206159326312653 0.4930948460135674 0.5237219478328285 0.49134771246268805 0.5251554933104732 0.48973497380033787 0.5273058115269401 0.48637510158710834 0.5258722660492955 0.4835528089279954 0.5263501145418437 0.483149624262408 0.5227662508477322 0.4842247833706413 0.5201380841387171 0.48624070669857905 0.5194213113998948 0.48691268114122493 0.5163152961983315 0.48771905047240005 0.5148817507206869 0.4905413431315129 0.5163152961983315 0.49282605623650894 0.5196602356461689
0 0.5085502581944232 0.5148817507206869 0.5088190479714817 0.5187045386610725 0.5065343348664855 0.5206159326312653 0.504652806427077 0.5215716296163617 0.501696118879435 0.5206159326312653 0.5011585393253183 0.5203770083849912 0.5012929342138475 0.5136871294893164 0.5018305137679642 0.5115368112728494 0.504652806427077 0.5115368112728494 0.5070719144206023 0.5129703567504941
0 0.5234680908211623 0.5096254173026566 0.520914587939108 0.5096254173026566 0.519436244165287 0.5089086445638343 0.5170171361717617 0.5091475688101085 0.5167483463947034 0.5117757355191236 0.5167483463947034 0.515120674966961 0.5166139515061742 0.517509917429702 0.5174203208373492 0.5179877659222502 0.5193018492767578 0.5182266901685243 0.520914587939108 0.5206159326312653 0.5222585368243998 0.5210937811238134 0.5226617214899874 0.5172709931834278 0.5233336959326332 0.5144039022281387 0.5230649061555749 0.5122535840116718