1 0.2807971014492754 0.4774557165861514 0.34148550724637683 0.49114331723027377 0.4048913043478261 0.4943639291465378 0.4411231884057971 0.500805152979066 0.4927536231884058 0.501610305958132 0.519927536231884 0.4967793880837359 0.5394021739130435 0.49838969404186795 0.5439311594202898 0.5080515297906603 0.5457427536231884 0.5281803542673108 0.5443840579710145 0.5362318840579711 0.5362318840579711 0.5515297906602254 0.5330615942028986 0.5813204508856683 0.5335144927536232 0.6223832528180354 0.5307971014492754 0.6553945249597424 0.5307971014492754 0.6827697262479872 0.5344202898550725 0.6964573268921095 0.5330615942028986 0.7085346215780999 0.5267210144927537 0.7206119162640902 0.5226449275362319 0.7230273752012882 0.5054347826086957 0.717391304347826 0.4375 0.715780998389694 0.35643115942028986 0.7012882447665056 0.30027173913043476 0.7061191626409018 0.2884963768115942 0.7085346215780999 0.27853260869565216 0.715780998389694 0.26856884057971014 0.714975845410628 0.26403985507246375 0.7012882447665056 0.27309782608695654 0.6819645732689211 0.2776268115942029 0.6256038647342995 0.2776268115942029 0.606280193236715 0.2740036231884058 0.5458937198067633 0.26766304347826086 0.5225442834138486 0.2658514492753623 0.5072463768115942 0.2708333333333333 0.4967793880837359 0.2726449275362319 0.48470209339774556 0.2753623188405797 0.47987117552334946
0 0.2967030858820083 0.49526610910526997 0.2949356810517357 0.4966407573065931 0.29073809457983835 0.4966407573065931 0.2888602269476737 0.4966407573065931 0.2870928221174011 0.4938914609039469 0.286650970909833 0.49212405607367427 0.2881974501363215 0.4883928680986544 0.2888602269476737 0.4881964897841797 0.2912904085892985 0.4903566512434018 0.29349966462713917 0.4929095693315732
0 0.3124992665525694 0.4993900537092393 0.31128417573175704 0.501746593482936 0.3088539940901322 0.5046922682000571 0.3070865892598596 0.5060669164013801 0.3047668704201268 0.5035139983132085 0.30355177959931445 0.4997828103381888 0.30399363080688263 0.4948733524763206 0.3048773332220189 0.494480595847371 0.3070865892598596 0.4960516223631689 0.3089644568920242 0.4980154055079162
0 0.33017331485529516 0.505477781457956 0.32807452161934636 0.5082270778606022 0.32575480277961366 0.5086198344895516 0.32244091872285263 0.5101908610053495 0.3208944394963641 0.5088162128040263 0.3200107370812278 0.5044958898855822 0.32045258828879597 0.5031212416842593 0.32221999311906846 0.5021393501118856 0.3224409187228526 0.4989972970802899 0.32354554674177294 0.4984081621368657 0.3250920259682614 0.5009610802250372 0.32763267041177824 0.5027284850553098
0 0.348289214365589 0.5101908610053495 0.34541718151639605 0.5123510224645715 0.34320792547855533 0.5152966971816925 0.34088820663882263 0.5164749670685409 0.33934172741233404 0.5137256706658947 0.3385684877990899 0.5123510224645715 0.3376847853839535 0.5107799959487737 0.33889987620476597 0.5090125911185012 0.3398940414217943 0.5072451862882286 0.3397835786199022 0.5046922682000571 0.34044635543125445 0.5031212416842592 0.34133005784639076 0.5029248633697845 0.3448648675069359 0.5062632947158549 0.34718458634666866 0.5078343212316527
0 0.3644167834418262 0.5125474007790461 0.3618761389983094 0.5133329140369451 0.36044012257371294 0.5160822104395913 0.35778901532830404 0.5188315068422377 0.354364668469651 0.5172604803264398 0.35303911484694656 0.5145111839237936 0.35624253610181555 0.5123510224645715 0.3569053129131678 0.5111727525777232 0.35723670131884383 0.5068524296592791 0.3609924365831731 0.5090125911185011 0.3629807670172297 0.5113691308921979
0 0.3809862037256316 0.5137256706658947 0.3778932452726546 0.5158858321251166 0.37656769164995013 0.5172604803264398 0.37237010517805275 0.515689453810642 0.3714864027629165 0.5166713453830156 0.3702713119421041 0.5168677236974903 0.3692771467250758 0.515689453810642 0.3707131631496723 0.512743779093521 0.37159686556480853 0.5107799959487737 0.3718177911685926 0.506852429659279 0.37292241918751295 0.5062632947158549 0.37579445203670586 0.5084234561750769 0.37822463367833065 0.5103872393198242
0 0.39634053318862456 0.514903940552743 0.3939103515469998 0.518635128527763 0.391590632707267 0.5160822104395913 0.3897127650751024 0.517064102011965 0.3881662858486139 0.5172604803264398 0.3871721206315856 0.5137256706658947 0.388276748650506 0.5090125911185011 0.38882906265996614 0.5072451862882286 0.39136970710348296 0.5068524296592791 0.3939103515469998 0.5090125911185012 0.3963405331886246 0.5133329140369453
0 0.413130879076214 0.5172604803264398 0.40860190419864056 0.5198133984146113 0.4061717225570158 0.5211880466159344 0.40473570613241927 0.5186351285277628 0.4042938549248512 0.5162785887540661 0.4050670945380954 0.5145111839237936 0.40550894574566354 0.5121546441500968 0.40606125975512375 0.5092089694329759 0.4087123670005326 0.5082270778606022 0.4102588462270211 0.5101908610053495
0 0.4290375225486671 0.5182423718988135 0.42649687810515036 0.5237409647041059 0.4232934568502813 0.5255083695343785 0.42097373801054855 0.522955451446207 0.4186540191708158 0.5225626948172575 0.41854355636892376 0.5204025333580355 0.4199795727935202 0.5184387502132882 0.42097373801054855 0.5147075622382683 0.42185744042568485 0.5117618875211474 0.4247294732748778 0.5154930754961673 0.42616548969947426 0.5180459935843388
0 0.44350814959652385 0.520009776729086 0.44030472834165485 0.5262938827922774 0.4387582491151663 0.5280612876225499 0.43599667906786543 0.5270793960501762 0.43489205104894507 0.5253119912199037 0.43400834863380877 0.5225626948172575 0.4353339022565132 0.521384424930409 0.43732223269056986 0.5202061550435607 0.43732223269056986 0.5168677236974902 0.4369908442848937 0.5149039405527431 0.44107796795489906 0.5170641020119651
0 0.46018803268222125 0.5202061550435608 0.46040895828600537 0.5262938827922774 0.45775785104059646 0.5264902611067521 0.4570950742292443 0.52433009964753 0.4549962809932956 0.5237409647041059 0.453118413361131 0.5237409647041059 0.45157193413464247 0.5225626948172575 0.4517928597384266 0.5198133984146113 0.4540021157762673 0.5168677236974903
0 0.4762051389565665 0.5235445863896311 0.4762051389565665 0.5286504225659742 0.47366449451304965 0.5313997189686204 0.47068199886196466 0.5282576659370247 0.46847274282412393 0.5274721526791258 0.4675890404089877 0.5235445863896311 0.4691355196354762 0.5182423718988135 0.4726703292960213 0.5182423718988135 0.4752109737395382 0.5211880466159344
0 0.4916699312214515 0.5194206417856617 0.49189085682523565 0.5225626948172575 0.48968160078739487 0.5278649093080752 0.4865886423344178 0.530221449081772 0.4843793862965772 0.5284540442514994 0.4831642954757647 0.5284540442514994 0.4822805930606285 0.5237409647041059 0.48272244426819655 0.5225626948172575 0.4849317003060373 0.5215808032448839 0.48448984909846915 0.5166713453830156 0.4891292867779347 0.5184387502132882
0 0.5073556490901205 0.514118427294844 0.5070242606844445 0.5211880466159344 0.5049254674484958 0.52433009964753 0.5028266742125472 0.5225626948172575 0.5009488065803825 0.5205989116725102 0.5000651041652462 0.520009776729086 0.4997337157595701 0.5145111839237936 0.5003964925709222 0.5131365357224704 0.5037103766276834 0.5131365357224704 0.5044836162409275 0.5160822104395913
0 0.5225995157512215 0.5103872393198242 0.521053036524733 0.5145111839237936 0.5208321109209488 0.5190278851567124 0.5209425737228409 0.5229554514462069 0.5208321109209488 0.5253119912199037 0.518070540873648 0.5215808032448839 0.5164135988452675 0.520009776729086 0.5151985080244551 0.5188315068422376 0.5148671196187791 0.5135292923514199 0.5155298964301314 0.5101908610053495 0.5165240616471597 0.5094053477474506 0.5195065572982446 0.5113691308921979