1 0.6621376811594203 0.2914653784219002 0.7133152173913043 0.2914653784219002 0.7219202898550725 0.2946859903381642 0.7273550724637681 0.30434782608695654 0.7291666666666666 0.32608695652173914 0.7228260869565217 0.391304347826087 0.7273550724637681 0.48389694041867953 0.7259963768115942 0.49355877616747185 0.7214673913043478 0.5048309178743962 0.7128623188405797 0.5096618357487923 0.6336050724637681 0.5048309178743962 0.5652173913043478 0.5136876006441223 0.5095108695652174 0.5152979066022544 0.4832427536231884 0.5144927536231884 0.47554347826086957 0.5088566827697263 0.4723731884057971 0.47020933977455714 0.4741847826086957 0.3148148148148148 0.47644927536231885 0.3027375201288245 0.48097826086956524 0.2946859903381642 0.5258152173913043 0.29790660225442833
0 0.4957128697707 0.3043078361100422 0.4945640566310228 0.3061459371335256 0.4942194126891196 0.31063907296870746 0.4913473798399268 0.30859673849817026 0.48950927881644324 0.3081882716040628 0.48916463487454004 0.31145600675692237 0.487556296478992 0.30798403815700914 0.4856033141415409 0.3049205364512033 0.48525867019963764 0.30328666887477357 0.48640748333931483 0.3010401009571827 0.4881307030488306 0.29899776648664544 0.4922664303516684 0.30104010095718264 0.49502358188689366 0.302265501639505
0 0.507086119853504 0.30124433440423637 0.5037545617484402 0.3018570347453975 0.5007676475852796 0.30553323679236444 0.5015718167830535 0.3081882716040628 0.5044438496322464 0.3094136722863851 0.5083498143071488 0.3102306060746 0.5084646956211166 0.30798403815700914 0.5075456451093749 0.3049205364512033
0 0.5243183169486617 0.3024697350865587 0.52087187752963 0.30328666887477357 0.5165063875988568 0.3047163030041496 0.5146682865753733 0.3063501705805794 0.5158170997150505 0.3102306060746 0.5169659128547276 0.3122729405451372 0.5190337765061466 0.3122729405451372 0.5217909280413717 0.3122729405451372 0.5235141477508876 0.31186447365102976 0.5236290290648552 0.3096179057334389 0.5236290290648553 0.3061459371335256
0 0.5390231251365294 0.3016528012983438 0.5371850241130458 0.30124433440423637 0.5308665518448215 0.30512476989825704 0.5316707210425954 0.3090052053922777 0.5321302462984663 0.31349834122745956 0.535921329659401 0.31145600675692237 0.5371850241130458 0.31145600675692237 0.5387933625085939 0.31145600675692237 0.5389082438225616 0.3081882716040628
0 0.5532684080685264 0.30001893372191407 0.5514303070450429 0.2987935330395917 0.5462606479164955 0.30267396853361245 0.5467201731723664 0.30696287092174057 0.5466052918583988 0.31043483952165374 0.5491326807656884 0.3081882716040628 0.5510856631031397 0.30716710436879424 0.5522344762428169 0.30859673849817026 0.5530386454405909 0.30635017058057934 0.5536130520104294 0.3026739685336124
0 0.5679732162563943 0.2987935330395918 0.5619993879300729 0.30328666887477357 0.5621142692440406 0.30777980470995536 0.56314820106975 0.3110475398628149 0.5651011834072012 0.30920943883933144 0.566020233918943 0.308800971945224 0.5679732162563942 0.30900520539227777 0.568432741512265 0.30614593713352567 0.5680880975703618 0.30389936921593474 0.5683178601982972 0.3008358675101289
0 0.5831375497001328 0.2987935330395917 0.5759000269201666 0.30451206955709587 0.576933958745876 0.3077798047099554 0.5784274158274563 0.31125177330986864 0.580610160792843 0.30859673849817026 0.582218499188391 0.3079840381570091 0.5831375497001328 0.30777980470995536 0.5839417188979068 0.30369513576888096 0.5841714815258423 0.3008358675101289
0 0.5986465270857746 0.2973638989102157 0.5909494790499376 0.30246973508655867 0.5909494790499376 0.3063501705805794 0.5925578174454856 0.3079840381570091 0.5935917492711951 0.3090052053922777 0.5958893755505494 0.3061459371335256 0.5980721205159361 0.30553323679236444 0.5987614083997423 0.30328666887477357 0.5995655775975164 0.3014485678512901
0 0.6133513352736424 0.2959342647808397 0.6059989311797086 0.29899776648664544 0.6056542872378053 0.30308243542771984 0.6069179816914504 0.30410360266298847 0.6095602519127078 0.3034909023218273 0.6130066913317394 0.303695135768881 0.6149596736691905 0.30063163406307525 0.6150745549831582 0.29818083269843054
0 0.629779363171026 0.2959342647808397 0.6274817368916716 0.29613849822789334 0.6216227898793182 0.3010401009571827 0.6226567217050275 0.30696287092174057 0.6258733984961236 0.30818827160406287 0.6274817368916716 0.30594170368647194 0.6294347192291229 0.30512476989825704 0.6298942444849938 0.30063163406307525
0 0.646437153696345 0.2987935330395917 0.6454032218706355 0.2981808326984306 0.637476411206863 0.3018570347453975 0.6398889188001852 0.3075755712629017 0.6410377319398624 0.3094136722863851 0.644828815300797 0.30859673849817026 0.6463222723823773 0.3057374702394182 0.6466669163242805 0.302265501639505
0 0.6612568431981807 0.29920199993369917 0.6588443356048586 0.2994062333807529 0.6526407446506017 0.303695135768881 0.6547086083020206 0.3075755712629017 0.6565467093255041 0.30900520539227777 0.6589592169188262 0.30675863747468685 0.6618312497680191 0.30410360266298847 0.6624056563378579 0.3010401009571827
0 0.6810164292006279 0.2983850661454843 0.6788336842352413 0.29858929959253805 0.6706771109435333 0.30389936921593474 0.6717110427692428 0.30655440402763307 0.6737789064206617 0.30696287092174057 0.6759616513860484 0.30716710436879424 0.678144396351435 0.3053290033453108 0.6809015478866602 0.3053290033453108 0.6819354797123697 0.30124433440423637
0 0.695606356074528 0.29818083269843054 0.691930154027561 0.2987935330395917 0.687909308038691 0.3008358675101289 0.6872200201548846 0.30206126819245127 0.6873349014688523 0.3032866688747736 0.6905515782599485 0.30471630300414965 0.6910111035158193 0.30553323679236444 0.6936533737370769 0.3043078361100422 0.6951468308186571 0.3026739685336124
0 0.7110004521462022 0.30001893372191407 0.7068647248433643 0.3014485678512901 0.7045670985640099 0.30226550163950494 0.7035331667383005 0.3028782019806661 0.7044522172500421 0.3057374702394182 0.7053712677617839 0.3081882716040628 0.7068647248433642 0.3063501705805794 0.7083581819249446 0.3055332367923645 0.7103111642623958 0.3049205364512033 0.7113450960881053 0.30308243542771984