1 0.6722793898151456 0.2865095935144307 0.7157787722375523 0.28619265812337497 0.7210144927536232 0.3003220611916264 0.7264492753623188 0.31561996779388085 0.7282608695652174 0.33172302737520126 0.7241847826086957 0.35507246376811596 0.7219202898550725 0.3993558776167472 0.7219202898550725 0.4178743961352657 0.7255434782608695 0.44847020933977455 0.7255434782608695 0.47906602254428343 0.7137681159420289 0.5040257648953301 0.697463768115942 0.5088566827697263 0.6508152173913043 0.5048309178743962 0.6182065217391305 0.5056360708534622 0.5593297101449275 0.5144927536231884 0.495018115942029 0.5144927536231884 0.48278985507246375 0.5112721417069244 0.4782608695652174 0.5048309178743962 0.4750905797101449 0.46859903381642515 0.4746376811594203 0.4178743961352657 0.47690217391304346 0.39371980676328505 0.4773550724637681 0.322061191626409 0.47635389275684675 0.31027974784361473 0.47706699738672226 0.30520878158672216 0.47920631127634883 0.30077168611194116 0.4866939098900418 0.2903128182071002 0.4931118515589214 0.28841120586076546 0.49721220318070564 0.29284830133554646 0.534639639051173 0.2927903865844862 0.5503384981064319 0.28841120586076546 0.5610350675545646 0.2925313659444907 0.582784758765768 0.2896789474249886 0.5940161566863074 0.28524185195020757
0 0.4925662519891805 0.2985705427770675 0.4901710499629174 0.30032389327995296 0.4876349536998152 0.30057437192322234 0.48439438625251796 0.3035801156424545 0.48439438625251796 0.3038305942857239 0.48721227098929815 0.30533346614533996 0.4886212133576883 0.3090906457943803 0.4905937326734344 0.30858968850784163 0.49228446351550254 0.3073372952914948 0.4927071462260196 0.30508298750207063 0.49242535775234153 0.3020772437828384
0 0.5060920987257256 0.3013258078530304 0.5020061658573943 0.30157628649629975 0.5000336465416481 0.3033296369991852 0.5010199061995212 0.30783825257803354 0.5010199061995212 0.31134495358380443 0.5021470600942333 0.3115954322270738 0.5038377909363014 0.3098420817241883 0.5067965699099206 0.3100925603674577 0.5075010410941156 0.3063353807184174
0 0.53821598472502 0.3048325088588013 0.5353980999882397 0.30383059428572395 0.5314530613567475 0.3063353807184174 0.5318757440672646 0.31835835559534625 0.5335664749093326 0.3130983040866899 0.53821598472502 0.31234686815688184
0 0.5217313590148557 0.3048325088588013 0.5146866471729051 0.30458203021553193 0.5149684356465832 0.3110944749405351 0.5189134742780755 0.31560309051938346 0.5201815224096266 0.3130983040866899 0.5218722532516947 0.3130983040866899 0.5229994071464069 0.3158535691626528 0.5238447725674409 0.3108439962972658 0.5229994071464069 0.30783825257803354
0 0.5521645141720819 0.29857054277706757 0.5462469562248435 0.30157628649629975 0.5462469562248436 0.3135992613732286 0.5485012640142678 0.3090906457943802 0.5508964660405309 0.3068363380049561 0.5525871968825989 0.3098420817241883 0.5539961392509891 0.30583442343187867 0.5563913412772523 0.3040810729289932 0.5555459758562182 0.29982293599341425
0 0.5675219859875341 0.29957245735014487 0.5616044280402956 0.3048325088588013 0.5627315819350078 0.3105935176539964 0.5645632070139149 0.30934112443764966 0.5678037744612121 0.3100925603674577 0.5682264571717291 0.3058344234318787 0.5675219859875341 0.3020772437828384
0 0.5825976693293082 0.29982293599341425 0.5794979961188499 0.3033296369991852 0.5755529574873577 0.30383059428572395 0.5763983229083918 0.30833920986457225 0.5780890537504598 0.3105935176539964 0.579216207645172 0.3130983040866899 0.580484255776723 0.30934112443764966 0.5833021405135034 0.30858968850784163 0.5833021405135034 0.3048325088588013
0 0.5951372564079802 0.2970676709174514 0.5906286408291318 0.3033296369991852 0.5916149004870048 0.3063353807184174 0.5924602659080389 0.30808873122130287 0.5940101025132681 0.30658585936168675 0.5958417275921752 0.3063353807184174 0.5966870930132093 0.3040810729289933 0.5968279872500483 0.3008248505664917 0.5972506699605653 0.2983200641337982
0 0.6130308244865345 0.2953143204145659 0.606127006881423 0.30032389327995296 0.606831478065618 0.30433155157226255 0.607535949249813 0.30658585936168675 0.6095084685655592 0.3048325088588013 0.6121854590655004 0.3040810729289933 0.6134535071970515 0.3040810729289933 0.6141579783812466 0.30157628649629975 0.6152851322759586 0.30082485056649166 0.6157078149864756 0.29982293599341425 0.6142988726180856 0.29631623498764337
0 0.6286700847756647 0.29606575634437393 0.6223298441179091 0.30207724378283846 0.6228934210652652 0.3070868166482255 0.6251477288546894 0.3048325088588013 0.6271202481704355 0.304582030215532 0.6289518732493427 0.3043315515722626 0.6297972386703768 0.30383059428572395 0.6286700847756647 0.29982293599341425
0 0.646281864380541 0.29806958549052875 0.6388144698280733 0.3020772437828384 0.6406460949069805 0.3073372952914948 0.6402234121964635 0.3103430390107271 0.6431821911700828 0.30884016715111096 0.6447320277753118 0.30733729529149484 0.6467045470910581 0.3070868166482255 0.6469863355647361 0.30207724378283846
0 0.661357547722315 0.29932197870687555 0.6538901531698476 0.3033296369991852 0.6565671436697887 0.3063353807184174 0.6574125090908228 0.30808873122130287 0.6602303938276031 0.30708681664822546 0.6623438073801882 0.30533346614534 0.6629073843275443 0.3023277224261078
0 0.6772785964851232 0.29832006413379814 0.6707974615905288 0.3028286797126465 0.6729108751431139 0.30583442343187867 0.674178923274665 0.30608490207514805 0.6768559137746062 0.3048325088588013 0.6778421734324793 0.3040810729289933 0.6782648561429964 0.29982293599341425
0 0.6957357415110337 0.29857054277706757 0.688127452721727 0.30157628649629975 0.6886910296690831 0.30608490207514805 0.6924951740637364 0.30433155157226255 0.6960175299847116 0.3033296369991852 0.6970037896425847 0.30257820106937716 0.6977082608267798 0.29957245735014487
0 0.7123612614580369 0.29957245735014487 0.7046120784318912 0.30257820106937716 0.7054574438529253 0.3063353807184175 0.7061619150371204 0.3073372952914948 0.7091206940107396 0.30533346614534 0.7110932133264858 0.30508298750207063 0.7129248384053929 0.3023277224261078