1 0.717391304347826 0.28180354267310787 0.7250905797101449 0.2826086956521739 0.7305253623188406 0.2890499194847021 0.7305253623188406 0.29307568438003223 0.7214673913043478 0.34299516908212563 0.717391304347826 0.40096618357487923 0.720108695652174 0.4500805152979066 0.7192028985507246 0.47342995169082125 0.7146739130434783 0.4887278582930757 0.7047101449275363 0.501610305958132 0.6865942028985508 0.5040257648953301 0.6512681159420289 0.5 0.6073369565217391 0.5 0.561141304347826 0.5088566827697263 0.4696557971014493 0.5096618357487923 0.46059782608695654 0.5048309178743962 0.46059782608695654 0.47665056360708535 0.46648550724637683 0.394524959742351 0.4673913043478261 0.32367149758454106 0.4701086956521739 0.30112721417069244 0.4782608695652174 0.285829307568438 0.5040760869565217 0.29066022544283415 0.5317028985507246 0.29066022544283415
0 0.4891795602281416 0.2920850398984131 0.48528876112292857 0.2939714879494255 0.4821053800368453 0.29302826392391934 0.4799831259794563 0.29648675201744196 0.48192852553206283 0.3008884641364708 0.4826359435511925 0.3034037282044873 0.48528876112292857 0.3012028721449729 0.4875878696850999 0.3012028721449729 0.488472142209012 0.29900201608545846 0.4881184331994471 0.2977443840514502
0 0.5020899390772574 0.29460030396642956 0.4962537404194379 0.29585793600043786 0.49590003140987315 0.3034037282044873 0.498022285467262 0.3043469522299935 0.5004982485342158 0.3037181362129893 0.5019130845724751 0.3037181362129893 0.5024436480868223 0.3005740561279687 0.5024436480868222 0.2983732000684543
0 0.5192448260411511 0.2986876080769564 0.5151771724311557 0.29617234400893994 0.511463227830725 0.2983732000684543 0.5100483917924657 0.30025964811946665 0.5100483917924657 0.3037181362129893 0.5107558098115954 0.30560458426400167 0.5127012093642019 0.3078054403235161 0.5134086273833315 0.3081198483320181 0.515354026935938 0.30654780828950784 0.5172994264885445 0.30654780828950784 0.5185374080220214 0.3037181362129893
0 0.5346311679572204 0.29271385591541726 0.5268495697467946 0.2983732000684543 0.5268495697467946 0.3062334002810058 0.5266727152420122 0.3096918883745285 0.529148678308966 0.307491032315014 0.5310940778615724 0.3065478082895079 0.5323320593950492 0.3065478082895079 0.5333931864237437 0.30151728015347495 0.5337468954333084 0.3005740561279687 0.5349848769667853 0.29711556803444605
0 0.5475415468063364 0.2920850398984131 0.5417053481485169 0.2949147119749317 0.5415284936437345 0.29711556803444605 0.5418822026532993 0.3030893201959852 0.5418822026532993 0.30560458426400167 0.5443581657202531 0.30308932019598517 0.5473646923015539 0.30214609617047905 0.5473646923015539 0.30308932019598517 0.5484258193302484 0.2999452401109646 0.5500175098732901 0.2980587920599523 0.5493100918541605 0.29428589595792753
0 0.5632815977319706 0.2930282639239193 0.5562074175406743 0.2977443840514502 0.5579759625884985 0.30686221629800997 0.5609824891697994 0.3030893201959852 0.5638121612463178 0.30497576824699757 0.5654038517893596 0.3005740561279687 0.5636353067415355 0.2971155680344461
0 0.5784910851432578 0.2927138559154172 0.5708863414376142 0.2986876080769564 0.5728317409902207 0.3037181362129893 0.5746002860380448 0.30654780828950784 0.5767225400954338 0.30277491218748315 0.5791985031623874 0.301831688161977
0 0.5947616995832394 0.29428589595792753 0.5929931545354152 0.2908274078644049 0.5857421198393366 0.29680116002594403 0.5880412284015079 0.3052901762554996 0.5905171914684616 0.30214609617047905 0.593700572554545 0.30025964811946665 0.5952922630975866 0.29774438405145015
0 0.6092637689753969 0.28956977583039667 0.6046655518510543 0.2920850398984131 0.6009516072506237 0.29617234400893994 0.6020127342793181 0.30246050417898107 0.6050192608606191 0.29900201608545846 0.6074952239275727 0.2983732000684543 0.6092637689753969 0.2986876080769564 0.6115628775375681 0.29648675201744196 0.6101480414993089 0.29334267193242136
0 0.6260649469297256 0.29051299985590284 0.6242964018819016 0.29019859184740077 0.6228815658436423 0.29334267193242136 0.6168685126810405 0.29648675201744196 0.6186370577288646 0.30246050417898107 0.6212898753006006 0.2999452401109646 0.623588983862772 0.29963083210246255 0.6260649469297256 0.2980587920599523
0 0.6430429793888369 0.2923994479069152 0.6342002541497164 0.29648675201744196 0.6364993627118878 0.3012028721449728 0.6375604897405822 0.3046613602384955 0.6418049978553599 0.301831688161977 0.6428661248840545 0.2999452401109646
0 0.6586061758096888 0.2939714879494255 0.6568376307618646 0.29365707994092344 0.6517088501231748 0.29711556803444605 0.6494097415610035 0.2980587920599523 0.652239413637522 0.30340372820448724 0.6555996492283879 0.30214609617047905 0.6575450487809943 0.3005740561279687
0 0.6759379172783647 0.29239944790691513 0.6722239726779342 0.2939714879494255 0.6720471181731519 0.29774438405145015 0.6727545361922814 0.3005740561279687 0.6729313906970639 0.3015172801534749 0.6757610627735824 0.29963083210246255 0.6775296078214066 0.2977443840514502 0.6780601713357537 0.2955435279919358
0 0.6920316772135641 0.29302826392391934 0.6886714416226982 0.29460030396642956 0.6897325686513928 0.2986876080769564 0.691147404689652 0.30151728015347495 0.6925622407279113 0.3012028721449728 0.6929159497374761 0.2993164240939605 0.6929159497374761 0.29648675201744196
0 0.7070643101200687 0.2933426719324214 0.7003438389383372 0.2983732000684543 0.6980447303761659 0.29963083210246255 0.6998132754239899 0.3027749121874831 0.7021123839861612 0.3027749121874831 0.7045883470531149 0.3027749121874831 0.7068874556152863 0.29900201608545846 0.7075948736344159 0.2961723440089399