1 0.4673913043478261 0.2632850241545894 0.4805253623188406 0.2745571658615137 0.5040760869565217 0.27938808373590984 0.6471920289855072 0.2785829307568438 0.7128623188405797 0.2721417069243156 0.7237318840579711 0.27375201288244766 0.7264492753623188 0.2809983896940419 0.7264492753623188 0.29307568438003223 0.7178442028985508 0.3421900161030596 0.7137681159420289 0.39049919484702095 0.7155797101449275 0.44363929146537845 0.7205615942028986 0.4774557165861514 0.7210144927536232 0.4919484702093398 0.71875 0.49597423510466987 0.7051630434782609 0.5024154589371981 0.6372282608695652 0.4927536231884058 0.6068840579710145 0.4927536231884058 0.5516304347826086 0.5 0.4682971014492754 0.5 0.45516304347826086 0.49597423510466987 0.452445652173913 0.49033816425120774 0.4601449275362319 0.3808373590982287 0.46059782608695654 0.2890499194847021 0.4633152173913043 0.27938808373590984 0.4624094202898551 0.26811594202898553
0 0.4835528089279954 0.28527555005127614 0.4796553571606491 0.28479770155872797 0.4776394338327115 0.2855144742975503 0.4756235105047737 0.2864701712826467 0.47602669517036134 0.2883815652528395 0.47737064405565316 0.29053188346930636 0.4781770133868282 0.2922043531932251 0.47992414693770763 0.2912486562081287 0.48247764981976204 0.29244327743949916 0.4830152293738788 0.29244327743949916 0.48341841403946634 0.2893372622379359 0.48382159870505387 0.2874258682677431
0 0.4967235080038553 0.28575339854382437 0.4939012153447424 0.2855144742975503 0.49175089712827547 0.28694801977519485 0.49081013290857123 0.28790371676029125 0.49040694824298375 0.2902929592230323 0.4905413431315129 0.2948325199022402 0.49067573802004205 0.2957882168873366 0.49336363579062564 0.2941157471634179 0.495110769341505 0.2953103683947884 0.4955139540070926 0.2955492926410625 0.49632032333826764 0.2917265047006769 0.49632032333826764 0.2881426410065654
0 0.5139260537355905 0.2948325199022402 0.5129852895158862 0.2907708077155805 0.5108349712994192 0.29053188346930636 0.5092222326370691 0.2907708077155805 0.5066687297550148 0.29148758045440276 0.5055935706467812 0.2922043531932251 0.5051903859811937 0.294354671409692 0.5053247808697229 0.2981774593500776 0.5065343348664855 0.3008056260590927 0.5066687297550146 0.3008056260590927 0.5084158633058941 0.299133156335174 0.5097598121911858 0.2986553078426258 0.5109693661879484 0.2986553078426258 0.5117757355191236 0.2988942320888999 0.5123133150732403 0.2993720805814481 0.5136572639585321 0.2953103683947884
0 0.5284407016967422 0.2917265047006769 0.5258871988146877 0.2883815652528395 0.5245432499293958 0.2881426410065654 0.5218553521588123 0.28957618648420996 0.5214521674932246 0.2902929592230323 0.520914587939108 0.2926822016857733 0.520914587939108 0.2972217623649812 0.5210489828276372 0.299133156335174 0.522392931712929 0.2979385351038035 0.5231993010441041 0.2974606866112553 0.5248120397064543 0.2974606866112553 0.5261559885917461 0.2981774593500776 0.5268279630343919 0.2979385351038035
0 0.5429553496578938 0.28790371676029125 0.541745795661131 0.28623124703637254 0.5398642672217225 0.28599232279009845 0.5361012103429055 0.287186944021469 0.5355636307887888 0.28790371676029125 0.535698025677318 0.29244327743949916 0.5361012103429055 0.2955492926410625 0.5402674518873101 0.2926822016857733 0.5420145854381894 0.2945935956559661
0 0.5588139465043371 0.2912486562081287 0.5577387873961037 0.2883815652528395 0.5563948385108118 0.28790371676029125 0.5512878327467029 0.28981511073048405 0.5516910174122905 0.29148758045440276 0.5520942020778781 0.296743913872433 0.5539757305172865 0.2957882168873366 0.555722864068166 0.2955492926410625 0.5569324180649285 0.2955492926410625 0.5592171311699247 0.29148758045440276
0 0.5733285944654888 0.28623124703637254 0.5711782762490218 0.28694801977519485 0.5691623529210841 0.2890983379916618 0.5671464295931464 0.2907708077155805 0.566877639816088 0.2912486562081287 0.5670120347046173 0.2962660653798848 0.5684903784784382 0.2962660653798848 0.570506301806376 0.2945935956559661 0.5719846455801969 0.2953103683947884 0.5744037535737222 0.2931600501783215 0.5740005689081347 0.2907708077155805 0.5729254097999011 0.2900540349767582
0 0.5864992935413486 0.28503662580500205 0.5834082111051774 0.2864701712826467 0.5805859184460646 0.2900540349767582 0.5824674468854731 0.29339897442459556 0.5830050264395898 0.2945935956559661 0.5855585293216443 0.2938768229171438 0.5871712679839944 0.2931600501783215 0.5887840066463447 0.2907708077155805 0.5866336884298777 0.2881426410065654
0 0.6030298648304379 0.28336415608108334 0.5998043875057375 0.28336415608108334 0.5975196744007414 0.28599232279009845 0.5953693561842746 0.2881426410065654 0.5961757255154496 0.28957618648420996 0.5969820948466247 0.29244327743949916 0.5996699926172083 0.2912486562081287 0.6019547057222044 0.29148758045440276 0.6026266801648503 0.29148758045440276 0.6039706290501421 0.28790371676029125 0.6045082086042589 0.287186944021469
0 0.6192916463424688 0.28479770155872797 0.6180820923457062 0.28479770155872797 0.6113623479192472 0.28957618648420996 0.6129750865815973 0.2936378986708697 0.6162005639062976 0.2931600501783215 0.6191572514539396 0.29339897442459556
0 0.6358222176315582 0.28694801977519485 0.6331343198609746 0.2902929592230323 0.629774447647745 0.2917265047006769 0.6276241294312781 0.2917265047006769 0.6299088425362742 0.2957882168873366 0.6313871863100952 0.2962660653798848 0.6335375045265621 0.2962660653798848 0.6354190329659707 0.2957882168873366 0.6355534278544999 0.2922043531932251
0 0.6531591582518226 0.28670909552892077 0.6510088400353558 0.28670909552892077 0.6471113882680094 0.2883815652528395 0.6452298598286009 0.2912486562081287 0.6465738087138927 0.2974606866112553 0.650471260481239 0.29602714113361067 0.6526215786977059 0.29602714113361067 0.6534279480288809 0.2917265047006769
0 0.6718400477573788 0.28790371676029125 0.6691521499867953 0.287186944021469 0.6640451442226863 0.29053188346930636 0.6618948260062194 0.2936378986708697 0.6625668004488653 0.2955492926410625 0.6643139339997447 0.2955492926410625 0.6684801755441493 0.294354671409692 0.6707648886491454 0.29339897442459556
0 0.6870266701611764 0.28981511073048405 0.6871610650497055 0.28766479251401716 0.684473167279122 0.28766479251401716 0.6809789001773632 0.28790371676029125 0.6781566075182504 0.2890983379916618 0.6766782637444294 0.291965428946951 0.6784253972953088 0.2938768229171438 0.6797693461806006 0.2938768229171438 0.6819196643970675 0.29244327743949916 0.6836667979479468 0.29148758045440276 0.6852795366102971 0.29148758045440276
0 0.7023476874535031 0.28885941374538765 0.6976438663549818 0.29053188346930636 0.6957623379155732 0.2917265047006769 0.6934776248105771 0.291965428946951 0.6929400452564604 0.2926822016857733 0.6960311276926315 0.2957882168873366 0.6976438663549818 0.2955492926410625 0.6988534203517444 0.2948325199022402 0.7018101078993864 0.2907708077155805