1 0.4420289855072464 0.22624798711755234 0.4542572463768116 0.23349436392914655 0.4723731884057971 0.2286634460547504 0.561141304347826 0.2278582930756844 0.667572463768116 0.24074074074074073 0.7133152173913043 0.23832528180354268 0.7228260869565217 0.23429951690821257 0.738677536231884 0.23671497584541062 0.7567934782608695 0.22946859903381642 0.7644927536231884 0.23107890499194847 0.7676630434782609 0.23752012882447665 0.7672101449275363 0.249597423510467 0.7590579710144928 0.26247987117552335 0.7554347826086957 0.28502415458937197 0.7468297101449275 0.31239935587761675 0.7459239130434783 0.321256038647343 0.7477355072463768 0.35990338164251207 0.7459239130434783 0.3679549114331723 0.7450181159420289 0.4074074074074074 0.7495471014492754 0.4468599033816425 0.7495471014492754 0.464573268921095 0.751358695652174 0.47101449275362317 0.7463768115942029 0.501610305958132 0.7504528985507246 0.5201288244766505 0.7409420289855072 0.5241545893719807 0.7309782608695652 0.5426731078904992 0.6997282608695652 0.5265700483091788 0.6653079710144928 0.5169082125603864 0.6041666666666666 0.5096618357487923 0.4936594202898551 0.5112721417069244 0.4578804347826087 0.5169082125603864 0.4370471014492754 0.5265700483091788 0.42980072463768115 0.5241545893719807 0.42527173913043476 0.5169082125603864 0.422554347826087 0.4895330112721417 0.42980072463768115 0.37037037037037035 0.42844202898550726 0.3365539452495974 0.4230072463768116 0.30998389694041867 0.4230072463768116 0.2882447665056361 0.4279891304347826 0.2471819645732689 0.4370471014492754 0.22946859903381642
0 0.45375206583012956 0.2498160272353963 0.4508092068705503 0.24948904290655413 0.4489699200208132 0.24589221528929062 0.44198062999181253 0.24621919961813268 0.4394056284021806 0.25177793320844916 0.4417967013068388 0.2547207921680284 0.44290027341668103 0.25799063545644985 0.44768241922599733 0.25831761978529194 0.4495217060757344 0.25635571381223915 0.45283242240526106 0.25570174515455485
0 0.4767431514518427 0.24850808992002774 0.4750877932870794 0.24294935632971135 0.4701217187927893 0.2458922152892906 0.4644199295586045 0.2478541212623434 0.46368421481870964 0.2507969802219227 0.46552350166844664 0.2521049175372913 0.4695699327378681 0.2530858705238177 0.47067350484771037 0.25112396455076486 0.47416814986221084 0.25014301156423846
0 0.49587173468910806 0.23935252871244778 0.4879628012352386 0.2442572936450799 0.48704315781037016 0.2527588861949756 0.4901699454549231 0.2547207921680284 0.49127351756476534 0.25668269814108124 0.49734316416889757 0.25243190186613346 0.4951360199492132 0.24621919961813274
0 0.5179431768859525 0.2400064973701321 0.508930671322241 0.24458427797392202 0.5087467426372673 0.2504699958930806 0.5105860294870044 0.2543938078391863 0.5129771023916625 0.25341285485265985 0.5142646031864784 0.24948904290655413 0.5177592482009788 0.2475271369335013
0 0.5370717601232179 0.2400064973701321 0.5306342561491382 0.24327634065855344 0.5306342561491382 0.24948904290655413 0.5321056856289278 0.25210491753729125 0.5343128298486123 0.25079698022192276 0.5381753322330601 0.25014301156423846 0.53817533223306 0.24589221528929062 0.5374396174931653 0.24229538767202705
0 0.5600628457449309 0.24556523096044847 0.5585914162651413 0.23967951304128987 0.5534414130858775 0.24229538767202702 0.550682482811272 0.24491126230276414 0.5504985541262983 0.25243190186613346 0.553809270455825 0.25243190186613346 0.5545449851957197 0.2504699958930806
0 0.5810307158319333 0.24654618394697492 0.5804789297770121 0.24327634065855344 0.5804789297770121 0.24098745035665844 0.5722021389531954 0.24523824663160634 0.5701789234184848 0.2485080899200277 0.5699949947335109 0.25112396455076486 0.574961069227801 0.25373983918150206 0.5773521421324591 0.2504699958930806
0 0.5999753703842249 0.24589221528929062 0.5948253672049612 0.24621919961813274 0.5926182229852767 0.2498160272353963 0.5926182229852767 0.2527588861949756 0.5944575098350137 0.25766365112760775 0.6003432277541723 0.2543938078391863 0.599791441699251 0.2527588861949756
0 0.6214950265261483 0.2498160272353963 0.6172646667717531 0.25341285485265985 0.6128503783323843 0.253739839181502 0.6111950201676207 0.25799063545644985 0.6156093086069897 0.2592985727718184 0.621678955211122 0.2589715884429763 0.6218628838960958 0.253739839181502
0 0.6426468252981243 0.25177793320844916 0.6356575352691236 0.2543938078391863 0.6356575352691236 0.25962555710066054 0.6395200376535713 0.2612604787448712 0.642278967928177 0.26224143173139763 0.6433825400380192 0.2592985727718184 0.6413593245033083 0.2550477764968705
0 0.6599361216856526 0.25014301156423846 0.6568093340410995 0.253739839181502 0.6546021898214152 0.2563557138122391 0.6546021898214152 0.26093349441602914 0.658464692205863 0.26191444740255554 0.6614075511654423 0.260606510087187 0.6604879077405736 0.2566826981410813
0 0.6834789933622868 0.2485080899200277 0.6720754148939171 0.253739839181502 0.6752022025384701 0.26191444740255554 0.6786968475529704 0.2622414317313977 0.6818236351975235 0.25995254142950275 0.6840307794172079 0.25799063545644985 0.6829272073073657 0.25406682351034415
0 0.7040790060793418 0.2475271369335013 0.6972736447353146 0.25210491753729125 0.6963540013104461 0.25962555710066054 0.6981932881601832 0.26191444740255554 0.7004004323798676 0.2592985727718184 0.7027915052845258 0.258317619785292
0 0.7261504482761862 0.25177793320844916 0.7171379427124748 0.2543938078391863 0.7171379427124747 0.2615874630737134 0.7224718745767122 0.25864460411413415 0.7267022343311074 0.25635571381223915