1 0.44157608695652173 0.22624798711755234 0.453804347826087 0.23510466988727857 0.47146739130434784 0.22946859903381642 0.48641304347826086 0.2318840579710145 0.5135869565217391 0.2278582930756844 0.5588768115942029 0.2286634460547504 0.603713768115942 0.23671497584541062 0.6209239130434783 0.23429951690821257 0.6295289855072463 0.2391304347826087 0.6657608695652174 0.24154589371980675 0.6793478260869565 0.2391304347826087 0.6983695652173914 0.24154589371980675 0.7133152173913043 0.23993558776167473 0.7205615942028986 0.2359098228663446 0.7346014492753623 0.2391304347826087 0.7409420289855072 0.23510466988727857 0.7536231884057971 0.23510466988727857 0.7572463768115942 0.23107890499194847 0.7635869565217391 0.23349436392914655 0.7658514492753623 0.2391304347826087 0.7649456521739131 0.25120772946859904 0.7572463768115942 0.26247987117552335 0.7527173913043478 0.29549114331723025 0.7450181159420289 0.3140096618357488 0.7441123188405797 0.3252818035426731 0.7463768115942029 0.35990338164251207 0.7445652173913043 0.3687600644122383 0.7454710144927537 0.3896940418679549 0.7432065217391305 0.4001610305958132 0.7432065217391305 0.4146537842190016 0.7495471014492754 0.4524959742351047 0.75 0.46859903381642515 0.7454710144927537 0.5040257648953301 0.7490942028985508 0.5217391304347826 0.740036231884058 0.5257648953301127 0.730072463768116 0.5458937198067633 0.6992753623188406 0.5257648953301127 0.6739130434782609 0.5225442834138486 0.6625905797101449 0.5144927536231884 0.6195652173913043 0.5080515297906603 0.4954710144927536 0.5104669887278583 0.44972826086956524 0.5201288244766505 0.4379528985507246 0.5281803542673108 0.4288949275362319 0.5265700483091788 0.42346014492753625 0.5144927536231884 0.422554347826087 0.4975845410628019 0.42617753623188404 0.4524959742351047 0.4266304347826087 0.4178743961352657 0.42980072463768115 0.39855072463768115 0.42980072463768115 0.35668276972624796 0.42481884057971014 0.31803542673107893 0.421195652173913 0.30917874396135264 0.42028985507246375 0.2898550724637681 0.4270833333333333 0.24396135265700483 0.42980072463768115 0.23832528180354268 0.4365942028985507 0.23510466988727857
0 0.45374560907099043 0.25173570207357926 0.4496578107910716 0.25754945962724163 0.4470416198919235 0.2581308353826079 0.4437713812679885 0.2563867081165092 0.4421362619560209 0.25435189297272737 0.4421362619560209 0.24999157480748058 0.4452429886487592 0.248538135419065 0.44965781079107153 0.248538135419065
0 0.4751656720577651 0.2398174990885715 0.4671535874291242 0.24301506574308582 0.4676441232227145 0.24737538390833255 0.46731709936032095 0.25260776570662863 0.46780763515391127 0.2569680838718754 0.4710778737778463 0.2549332687280936 0.47156840957143653 0.25260776570662863 0.47353055274579764 0.25086363844052995 0.4756562078513553 0.25057295056284684 0.47647376750733916 0.25057295056284684 0.47663727943853584 0.24446850513150134
0 0.4965857350445398 0.24039887484393774 0.48759257882871826 0.2450498808868676 0.4885736504158988 0.25115432631821305 0.49118984131504695 0.2563867081165092 0.4920074009710307 0.25871221113797416 0.4954411515261624 0.25406120509504426 0.49822085435650726 0.25260776570662863 0.4990384140124911 0.2479567596636988
0 0.5170247264441339 0.23894543545552216 0.510974784989854 0.2392361233332053 0.5088491298842962 0.24301506574308582 0.5080315702283125 0.24446850513150134 0.5096666895402799 0.2502822626851637 0.5104842491962638 0.2537705172173611 0.5114653207834443 0.2543518929727273 0.5132639520266087 0.25115432631821305 0.5157166309945599 0.248538135419065 0.5176787741689209 0.24766607178601563 0.518332821893708 0.24446850513150134
0 0.5386083013621054 0.2401081869662546 0.5319043121830385 0.240980250599304 0.531577288320645 0.2444685051315014 0.5301056809398741 0.24824744754138187 0.5307597286646611 0.2531891414619949 0.5307597286646611 0.25464258085041047 0.5340299672885963 0.25464258085041047 0.536809670118941 0.25086363844052995 0.5384447894309086 0.24999157480748063 0.5386083013621054 0.2444685051315014
0 0.5595378285552898 0.23894543545552216 0.5531608632386165 0.24388712937613513 0.5520162797202391 0.2453405687645507 0.5511987200642554 0.2563867081165092 0.5547959825505839 0.25260776570662863 0.5590472927616995 0.24824744754138187 0.5597013404864866 0.24708469603064942
0 0.5822659869916386 0.23865474757783903 0.5691850324958982 0.24214300211003645 0.569348544427095 0.2479567596636988 0.5735998546382106 0.24882882329674813 0.5745809262253911 0.2531891414619949 0.5776876529181294 0.25057295056284684 0.5798133080236872 0.248538135419065 0.5817754511980483 0.24824744754138192 0.5824294989228354 0.24592194451991697
0 0.6022144425976425 0.24446850513150134 0.5917496790010501 0.24795675966369876 0.595183429556182 0.25522395660577674 0.6020509306664457 0.2569680838718754 0.6031955141848229 0.25144501419589615 0.6023779545288392 0.2453405687645507
0 0.621672362410056 0.24737538390833255 0.6146413493685957 0.2520263899512624 0.6134967658502184 0.25464258085041047 0.6141508135750053 0.25609602023882605 0.6156224209557761 0.26045633840407284 0.6169305164053502 0.2622004656701715 0.6200372430980885 0.26074702628175594 0.6234709936532203 0.25900289901565726 0.6236345055844171 0.2531891414619949
0 0.6439099850528145 0.25173570207357926 0.6373695078049444 0.25260776570662863 0.63557087656178 0.2537705172173611 0.6349168288369931 0.2581308353826079 0.6352438526993865 0.26190977779248836 0.6367154600801573 0.26452596869163647 0.6403127225664859 0.2636539050585871 0.644237008915208 0.2616190899148053 0.6457086162959788 0.2590028990156572
0 0.6573179634109483 0.2520263899512624 0.6532301651310295 0.25347982933967805 0.6530666531998327 0.2578401475049248 0.6537207009246196 0.2630725293032209 0.6540477247870132 0.2648166565693196 0.6558463560301775 0.2651073444470026 0.6579720111357353 0.2630725293032209 0.6599341543100963 0.2624911535478546 0.6620598094156541 0.2619097777924884 0.6630408810028346 0.26074702628175594 0.6623868332780476 0.25580533236114295 0.6625503452092444 0.24999157480748063
0 0.6834798724024288 0.24824744754138187 0.672688084943443 0.25464258085041047 0.6772664190169522 0.26278184142553773 0.6828258246776417 0.26074702628175594 0.6856055275079865 0.25842152326029094 0.6847879678520028 0.2537705172173611 0.6841339201272157 0.24795675966369876
0 0.7055539831139904 0.24824744754138192 0.7006486251780879 0.248538135419065 0.6970513626917593 0.2528984535843118 0.6954162433797918 0.25435189297272737 0.6975418984853496 0.26074702628175594 0.6988499939349236 0.26423528081395337 0.7021202325588587 0.25958427477102347 0.7055539831139904 0.26103771415943905 0.7073526143571548 0.2590028990156572 0.7073526143571548 0.25609602023882605 0.708497197875532 0.2497008869297975
0 0.7282821415503392 0.24999157480748063 0.7192889853345178 0.25696808387187536 0.7176538660225502 0.2636539050585871 0.7201065449905015 0.26220046567017147 0.72370380747683 0.2598749626487066 0.7259929745135847 0.2587122111379741 0.7277916057567488 0.253479829339678