1 0.5149456521739131 0.2286634460547504 0.6444746376811594 0.23993558776167473 0.7219202898550725 0.23752012882447665 0.7350543478260869 0.23993558776167473 0.7604166666666666 0.23832528180354268 0.7635869565217391 0.24074074074074073 0.7595108695652174 0.2673107890499195 0.7463768115942029 0.3148148148148148 0.7454710144927537 0.3244766505636071 0.7445652173913043 0.4114331723027375 0.7477355072463768 0.44041867954911434 0.7468297101449275 0.5233494363929146 0.7346014492753623 0.5410628019323671 0.720108695652174 0.5418679549114331 0.6961050724637681 0.5289855072463768 0.6707427536231884 0.5257648953301127 0.6585144927536232 0.5169082125603864 0.6204710144927537 0.5120772946859904 0.5190217391304348 0.5104669887278583 0.46693840579710144 0.5161030595813204 0.4438405797101449 0.5241545893719807 0.42844202898550726 0.5225442834138486 0.4266304347826087 0.5177133655394525 0.4270833333333333 0.4388083735909823 0.432518115942029 0.3856682769726248 0.4288949275362319 0.33172302737520126 0.422554347826087 0.30676328502415456 0.422554347826087 0.2890499194847021 0.4279891304347826 0.25201288244766507 0.4429347826086957 0.2318840579710145 0.45652173913043476 0.23510466988727857
0 0.45080239430944885 0.24766607178601568 0.4429538216120047 0.24766607178601563 0.4403376307128566 0.2546425808504104 0.4418092380936275 0.25464258085041047 0.44344435740559496 0.2566773959941923 0.44704161989192354 0.2569680838718754 0.4498213227222683 0.2569680838718754 0.4517834658966293 0.25347982933967805 0.45080239430944885 0.25144501419589615
0 0.4746751362641749 0.24272437786540269 0.4640468607363859 0.25086363844052995 0.4642103726675826 0.2531891414619949 0.4666630516355339 0.25435189297272737 0.46976977832827227 0.25173570207357926 0.473203528883404 0.25086363844052995 0.47549269592015864 0.24999157480748058 0.4750021601265684 0.24650332027528318
0 0.49478710380137547 0.24214300211003645 0.4889006742782924 0.2444685051315014 0.4889006742782923 0.2528984535843118 0.49217091290222736 0.2555146444834598 0.4941330560765885 0.2549332687280936 0.49593168731975273 0.25144501419589615 0.49593168731975273 0.2467940081529663
0 0.5175152622377243 0.23749199606710658 0.5126099043018216 0.23865474757783903 0.5099937134026735 0.24272437786540269 0.5091761537466898 0.24475919300918447 0.5101572253338703 0.24911951117443126 0.5122828804394282 0.2467940081529663 0.5160436548569535 0.2450498808868676 0.5178422861001176 0.24475919300918447 0.5186598457561014 0.23894543545552216
0 0.5368096701189411 0.24039887484393774 0.5310867525270547 0.24301506574308576 0.5312502644582515 0.2453405687645507 0.5312502644582515 0.24999157480748058 0.5325583599078255 0.2517357020735793 0.5338664553573995 0.2497008869297975 0.5355015746693671 0.24708469603064948 0.5371366939813347 0.24592194451991697 0.5376272297749248 0.24359644149845205
0 0.5579027092433222 0.2392361233332053 0.5513622319954521 0.24330575362076895 0.5518527677890425 0.2497008869297975 0.5515257439266489 0.25347982933967805 0.5536513990322067 0.2520263899512624 0.5549594944817806 0.24824744754138187 0.5575756853809288 0.24708469603064942 0.5592108046928963 0.24388712937613513 0.5592108046928963 0.24098025059930395
0 0.5798133080236872 0.24185231423235332 0.5752349739501781 0.24185231423235332 0.5718012233950464 0.24563125664223384 0.5701661040830788 0.24708469603064942 0.570002592151882 0.2523170778289455 0.5721282472574397 0.2523170778289455 0.5737633665694073 0.25115432631821305 0.5752349739501781 0.25144501419589615 0.5773606290557359 0.25144501419589615 0.5794862841612937 0.24911951117443126 0.5809578915420645 0.24911951117443126 0.5807943796108678 0.24417781725381824
0 0.6009063471480683 0.24679400815296634 0.5982901562489202 0.24679400815296634 0.5927307505882307 0.24882882329674813 0.5928942625194275 0.2540612050950442 0.5953469414873787 0.2549332687280936 0.5976361085241333 0.2566773959941923 0.6002522994232813 0.2552239566057767 0.6007428352168716 0.25115432631821305
0 0.622326410134843 0.24824744754138187 0.6193831953733016 0.24766607178601568 0.6143143255062021 0.2523170778289455 0.6125156942630379 0.25580533236114295 0.6125156942630379 0.2590028990156572 0.6164399806117599 0.2616190899148053 0.619710219235695 0.26074702628175594 0.621672362410056 0.25871221113797416 0.6213453385476625 0.25406120509504426 0.6215088504788593 0.2514450141958962
0 0.6404762344976827 0.25347982933967805 0.6386776032545183 0.2520263899512624 0.6347533169057963 0.25435189297272737 0.6347533169057963 0.26074702628175594 0.6378600435985347 0.26452596869163647 0.6421113538096501 0.26220046567017147 0.6424383776720438 0.2590028990156572
0 0.6605882020348833 0.25144501419589615 0.6542112367182099 0.2528984535843118 0.6542112367182099 0.2566773959941923 0.6543747486494066 0.2616190899148053 0.6550287963741936 0.26336321718090394 0.6591165946541125 0.2636539050585871 0.66075171396608 0.25958427477102347 0.6600976662412931 0.2572587717495585
0 0.6823352888840515 0.2497008869297975 0.6767758832233619 0.2528984535843118 0.672688084943443 0.25580533236114295 0.6735056445994269 0.258421523260291 0.6756312997049846 0.2610377141594391 0.6767758832233619 0.26278184142553773 0.6805366576408872 0.2613284020371222 0.6829893366088385 0.26045633840407284 0.6834798724024288 0.2569680838718754 0.6829893366088385 0.2555146444834598 0.683316360471232 0.25086363844053
0 0.702610768352449 0.24941019905211437 0.6983594581413334 0.2502822626851637 0.6962338030357754 0.2523170778289455 0.6954162433797918 0.2531891414619949 0.6963973149669723 0.2578401475049248 0.6975418984853496 0.2587122111379741 0.6973783865541529 0.2616190899148053 0.7006486251780879 0.2590028990156572 0.7032648160772359 0.25754945962724163 0.7042458876644164 0.25347982933967805
0 0.7276280938255522 0.25115432631821305 0.7176538660225502 0.25754945962724163 0.7163457705729762 0.26103771415943905 0.7186349376097307 0.26220046567017147 0.7225592239584528 0.26016565052638974 0.7263199983759782 0.25754945962724163 0.7279551176879456 0.2552239566057767