1 0.44067028985507245 0.143317230273752 0.4438405797101449 0.14653784219001612 0.4447463768115942 0.15136876006441224 0.4447463768115942 0.16586151368760063 0.4479166666666667 0.16988727858293076 0.45561594202898553 0.1723027375201288 0.5036231884057971 0.16022544283413848 0.529891304347826 0.1570048309178744 0.6431159420289855 0.15780998389694043 0.7182971014492754 0.14492753623188406 0.7490942028985508 0.14412238325281804 0.7567934782608695 0.14653784219001612 0.7576992753623188 0.1537842190016103 0.7468297101449275 0.178743961352657 0.7418478260869565 0.2214170692431562 0.7445652173913043 0.2616747181964573 0.7413949275362319 0.3172302737520129 0.7463768115942029 0.3389694041867955 0.7468297101449275 0.35426731078904994 0.7454710144927537 0.38003220611916266 0.738677536231884 0.4323671497584541 0.7391304347826086 0.4420289855072464 0.7341485507246377 0.4557165861513688 0.7309782608695652 0.4557165861513688 0.7214673913043478 0.45169082125603865 0.7128623188405797 0.44122383252818037 0.6956521739130435 0.43397745571658614 0.6526268115942029 0.428341384863124 0.5960144927536232 0.428341384863124 0.5049818840579711 0.4420289855072464 0.4723731884057971 0.45169082125603865 0.44655797101449274 0.46537842190016104 0.44021739130434784 0.464573268921095 0.4370471014492754 0.4573268921095008 0.4361413043478261 0.41867954911433175 0.4375 0.391304347826087 0.4338768115942029 0.355877616747182 0.4338768115942029 0.2882447665056361 0.42527173913043476 0.23993558776167473 0.42527173913043476 0.22544283413848631 0.427536231884058 0.20772946859903382 0.4270833333333333 0.178743961352657 0.43070652173913043 0.15619967793880837 0.43342391304347827 0.14895330112721417
0 0.45394016652143254 0.1912796703219877 0.45079871208183786 0.1912796703219877 0.448704409122108 0.183833259798504 0.443992227462716 0.1852294617716572 0.4421597123729524 0.19174507097970545 0.4392800458033239 0.19546827624144728 0.4434686517227835 0.2010530841340601 0.4484426212521418 0.20058768347634234 0.4494897727320067 0.19779527953003595
0 0.47252710528903447 0.1763868492750203 0.4654588327999464 0.18011005453676215 0.46127022688048674 0.18476406111393948 0.464935257060014 0.1940720742682941 0.4675531357596762 0.19034886900655223 0.4704328023293046 0.1940720742682941 0.46964743871940595 0.18616026308709266 0.4722653174190682 0.18476406111393948
0 0.49373192275629857 0.17452524664414934 0.4843075594375145 0.18011005453676215 0.4866636502672105 0.1903488690065522 0.4916376197965687 0.19221047163742316 0.491899407666535 0.18709106440252812 0.4963498014559608 0.18429866045622173 0.4963498014559608 0.18290245848306852 0.49399371062626485 0.18197165716763306
0 0.5144131644836302 0.16894043875153658 0.5049888011648462 0.17312904467099618 0.5062977405146774 0.18150625650991534 0.5091774070843058 0.18616026308709263 0.5125806493938666 0.1852294617716572 0.5128424372638328 0.18150625650991534 0.5149367402235627 0.17824845190589123
0 0.526978982242009 0.16847503809381886 0.5345708304710294 0.16521723348979475 0.5337854668611308 0.17126744204012523 0.5371887091706917 0.17824845190589123 0.5337854668611308 0.17964465387904444 0.5314293760314349 0.18197165716763306 0.5277643458519077 0.18429866045622173 0.5264554065020766 0.18011005453676215 0.5280261337218739 0.17499064730186709
0 0.554990284328395 0.16102862757033515 0.5450423452696784 0.1661480348052302 0.5476602239693408 0.17080204138240748 0.5466130724894759 0.18057545519447987 0.5487073754492056 0.18057545519447987 0.5552520721983613 0.17126744204012523 0.5547284964584287 0.16428643217435926
0 0.5777658290154566 0.1619594288857706 0.5717447080062334 0.16568263414751244 0.564414647647179 0.16754423677838337 0.5659853748669764 0.17871385256360897 0.5691268293065711 0.17824845190589123 0.5720064958761996 0.1791792532213267 0.5738390109659631 0.1763868492750203 0.5767186775355917 0.17499064730186709 0.5775040411454903 0.17126744204012526 0.577242253275524 0.16940583940925433
0 0.5966145556530246 0.16521723348979472 0.5903316467738352 0.1666134354629479 0.5864048287243419 0.16800963743610112 0.5874519802042067 0.17592144861730255 0.5905934346438014 0.1791792532213267 0.592425949733565 0.17824845190589123 0.594782040563261 0.17592144861730255 0.5955674041731597 0.17173284269784297
0 0.6171542980597171 0.16861024733823546 0.6123815402519978 0.1677400009003607 0.6091997017135182 0.17122098665185975 0.6069968904176477 0.1723087946992032 0.6073640256336261 0.18101125907795088 0.6096892153348229 0.18014101264007612 0.6121367834413456 0.18340443678210647 0.6131158106839547 0.17905320459273263 0.6158081356011298 0.17753027332645183 0.6158081356011298 0.17513709562229618
0 0.6362453292905949 0.16665219285301727 0.6285354897550482 0.170350740213985 0.6289026249710266 0.18209906712529433 0.6308606794562447 0.18362199839157517 0.6313501930775494 0.1805761358590135 0.6367348429118994 0.17948832781167004 0.638081005370487 0.1736141643560154 0.6366124645065733 0.17143854826132848
0 0.6549692253054941 0.1657819464151425 0.6494621970658179 0.16795756250982943 0.647871277796578 0.16926293216664154 0.6479936562019042 0.1723087946992032 0.6473817641752736 0.17992345103060742 0.6483607914178826 0.1829693135631691 0.6506859811190793 0.17905320459273266 0.6547244684948418 0.17644246527910837 0.654846846900168 0.17143854826132848
0 0.671735066835175 0.16273608388258082 0.6696546339446308 0.16599950802461122 0.6680637146753909 0.16730487768142333 0.6670846874327817 0.1792707662022013 0.6705112827819136 0.17753027332645183 0.6723469588618058 0.17861808137379528 0.6733259861044149 0.1751370956222962 0.6754064189949593 0.17252635630867194 0.6788330143440912 0.17404928757495278 0.6790777711547434 0.1683926857287668 0.6784658791281127 0.16447657675833038 0.677853987101482 0.16208339905417476
0 0.6980464239802948 0.16164827583523736 0.6921722605246402 0.16425901514886165 0.6899694492287698 0.16425901514886165 0.6907037196607266 0.16904537055717286 0.6903365844447482 0.1757897804507023 0.6916827469033358 0.17578978045070226 0.6933960445779016 0.1727439179181406 0.696333126305729 0.17122098665185975 0.6993925864388824 0.17100342504239108 0.6993925864388824 0.16643463124354857 0.6993925864388824 0.1631712071015182
0 0.7154241575366066 0.16121315261629998 0.7132213462407361 0.16273608388258082 0.7118751837821484 0.16382389192992428 0.7106513997288871 0.16882780894770416 0.7106513997288871 0.16926293216664154 0.7115080485661701 0.17078586343292237 0.7128542110247577 0.16752243929089203 0.7145675086993236 0.1659995080246112 0.7177493472378033 0.1653468231962051 0.7225221050455225 0.15773216686480093