1 0.7164855072463768 0.143317230273752 0.7241847826086957 0.14814814814814814 0.7264492753623188 0.15539452495974235 0.7255434782608695 0.178743961352657 0.7178442028985508 0.22383252818035426 0.7178442028985508 0.2391304347826087 0.7214673913043478 0.26006441223832527 0.7210144927536232 0.2971014492753623 0.71875 0.3164251207729469 0.7250905797101449 0.3526570048309179 0.7237318840579711 0.38486312399355876 0.7182971014492754 0.40499194847020936 0.7228260869565217 0.43719806763285024 0.7228260869565217 0.4492753623188406 0.720108695652174 0.4573268921095008 0.7142210144927537 0.45893719806763283 0.7051630434782609 0.45491143317230276 0.6951992753623188 0.4428341384863124 0.6784420289855072 0.4355877616747182 0.6512681159420289 0.43156199677938806 0.5996376811594203 0.43156199677938806 0.5126811594202898 0.4428341384863124 0.4615036231884058 0.4557165861513688 0.4338768115942029 0.4742351046698873 0.41530797101449274 0.47101449275362317 0.4221014492753623 0.4468599033816425 0.4216485507246377 0.40982286634460546 0.4171195652173913 0.3679549114331723 0.41530797101449274 0.30676328502415456 0.41032608695652173 0.26811594202898553 0.4107789855072464 0.21014492753623187 0.4076086956521739 0.19887278582930756 0.4076086956521739 0.19001610305958133 0.4121376811594203 0.18035426731078905 0.4125905797101449 0.1682769726247987 0.4148550724637681 0.1610305958132045 0.42844202898550726 0.1610305958132045 0.4320652173913043 0.16747181964573268 0.4316123188405797 0.18276972624798712 0.44021739130434784 0.18679549114331723 0.4542572463768116 0.177938808373591 0.4642210144927536 0.18035426731078905 0.49094202898550726 0.17149758454106281 0.5280797101449275 0.16586151368760063 0.6100543478260869 0.16586151368760063 0.6431159420289855 0.16264090177133655 0.6526268115942029 0.15861513687600645 0.6680253623188406 0.15942028985507245 0.6865942028985508 0.15458937198067632 0.6933876811594203 0.1497584541062802 0.7078804347826086 0.15136876006441224
0 0.43220170455000645 0.19913778142729865 0.4266638842237978 0.201822785221824 0.4256570078008508 0.20629779154603295 0.42439841227216707 0.21032529723782104 0.421377783003326 0.21077279787024195 0.42641216511806107 0.21569530482687177 0.4296845134926389 0.21569530482687177 0.4334603000786902 0.2170378067241345 0.43346030007869024 0.2134578016647673 0.4344671765016372 0.20853529470813745 0.4329568618672166 0.20585029091361207
0 0.45661845780647153 0.1919777713085643 0.4485634464228955 0.19555777636793148 0.44428422162537057 0.20227028585424492 0.4462979744712647 0.20629779154603295 0.4493186037401057 0.206297791546033 0.4525909521146835 0.20808779407571656 0.4525909521146835 0.20271778648666583 0.4561150195949981 0.20048028332456133
0 0.4772594244768853 0.18526526182225084 0.46819753667036224 0.1919777713085643 0.4689526939875725 0.20271778648666583 0.4744905143137811 0.20629779154603295 0.4754973907367281 0.2013752845894031 0.47927317732277946 0.20003278269214042 0.4790214582170426 0.19511027573551057 0.47625254805393835 0.19332027320582698
0 0.49563491919566843 0.18213275739530457 0.49009709886945985 0.18526526182225087 0.4873281887063555 0.1924252719409852 0.48909022244651285 0.19690027826519416 0.4936211663497744 0.19645277763277327 0.49462804277272143 0.19287277257340613 0.4968935147243522 0.19153027067614342
0 0.5162758858660822 0.17631524917383293 0.5089760317997164 0.18347525929256728 0.5087243126939796 0.19287277257340613 0.5109897846456104 0.19690027826519413 0.5140104139144515 0.193320273205827 0.5170310431832924 0.1910827700437225 0.516527604971819 0.18705526435193445 0.5152690094431353 0.18168525676288372
0 0.5361616952192857 0.17586774854141202 0.5313790322102874 0.17631524917383296 0.5276032456242361 0.18392275992498816 0.5281066838357097 0.1919777713085643 0.5296169984701301 0.1937677738382479 0.533896223267655 0.18839776624919716 0.5364134143250225 0.18168525676288372
0 0.556299223678226 0.17452524664414934 0.5527751561979116 0.17542024790899116 0.5487476505061235 0.18034275486562099 0.5459787403430192 0.18258025802772548 0.5467338976602295 0.18929276751403892 0.5507614033520175 0.1906352694113016 0.5550406281495422 0.18660776371951354 0.5593198529470671 0.1830277586601464 0.5580612574183834 0.17944775360077922 0.556299223678226 0.17855275233593743
0 0.5756815948199561 0.1772102504386747 0.5673748643306432 0.17765775107109563 0.5676265834363801 0.18660776371951357 0.5716540891281681 0.1906352694113016 0.5734161228683254 0.18750276498435534 0.5759333139256929 0.18660776371951354
0 0.5970777188075802 0.17497274727657028 0.5915398984813717 0.17497274727657025 0.5875123927895836 0.18258025802772548 0.5867572354723734 0.188845266881618 0.5907847411641615 0.19376777383824786 0.5935536513272658 0.18795026561677622 0.5975811570190537 0.18660776371951354 0.5973294379133169 0.1816852567628837
0 0.6164600899493102 0.17497274727657022 0.6089085167772076 0.1798952542332001 0.6089085167772076 0.18929276751403892 0.6121808651517855 0.18839776624919716 0.6152014944206264 0.18705526435193445 0.6169635281607838 0.18481776118982998 0.6169635281607838 0.18079025549804192
0 0.634080427350883 0.1731827447468867 0.6275357306017274 0.17676274980625384 0.6280391688132009 0.18258025802772548 0.6267805732845172 0.1910827700437225 0.6315632362935155 0.1861602630870927 0.6343321464566198 0.18481776118982998 0.6363458993025138 0.18347525929256728 0.63508730377383 0.17989525423320013
0 0.6567351468671909 0.16870773842267775 0.647421539954931 0.17407774601172848 0.6464146635319841 0.1830277586601464 0.6466663826377207 0.18750276498435534 0.6514490456467191 0.18526526182225087 0.6534627984926131 0.18213275739530457 0.6564834277614542 0.1807902554980419 0.6600074952417687 0.17855275233593743 0.6587488997130849 0.17363024537930755
0 0.680145023700709 0.16602273462815234 0.668817663942555 0.1722877434820449 0.6693211021540286 0.17900025296835834 0.6690693830482918 0.18526526182225087 0.6720900123171328 0.18347525929256725 0.6738520460572901 0.17721025043867472 0.6776278326433414 0.17765775107109563 0.6798933045949722 0.17407774601172846
0 0.6992756757367024 0.16199522893636428 0.6894586306129689 0.1700502403199404 0.6889551924014953 0.17721025043867472 0.6907172261416527 0.1812377561304628 0.6929826980932835 0.1722877434820449 0.697513641996545 0.16960273968751954