1 0.5688405797101449 0.534621578099839 0.5715579710144928 0.534621578099839 0.5760869565217391 0.5442834138486312 0.5788043478260869 0.5571658615136876 0.5783514492753623 0.5676328502415459 0.5883152173913043 0.5917874396135265 0.5910326086956522 0.606280193236715 0.5865036231884058 0.6706924315619968 0.5901268115942029 0.6956521739130435 0.5910326086956522 0.7600644122383253 0.5946557971014492 0.784219001610306 0.595108695652174 0.8003220611916264 0.5928442028985508 0.8107890499194848 0.5865036231884058 0.821256038647343 0.5819746376811594 0.8236714975845411 0.4846014492753623 0.8244766505636071 0.3822463768115942 0.8309178743961353 0.32155797101449274 0.8413848631239935 0.3052536231884058 0.8470209339774557 0.2957427536231884 0.8446054750402576 0.291213768115942 0.8381642512077294 0.2857789855072464 0.8115942028985508 0.2857789855072464 0.7302737520128825 0.28306159420289856 0.7101449275362319 0.28306159420289856 0.643317230273752 0.276268115942029 0.5805152979066023 0.27717391304347827 0.5579710144927537 0.2798913043478261 0.5539452495974235 0.29257246376811596 0.5475040257648953 0.3509963768115942 0.5571658615136876 0.38315217391304346 0.5555555555555556 0.4067028985507246 0.5499194847020934 0.5181159420289855 0.5483091787439613 0.5593297101449275 0.5410628019323671
0 0.3117060646789948 0.572283038552306 0.3118761170874394 0.5795386079792767 0.30864512132699157 0.5816548157288097 0.3069445972425453 0.5801432387648575 0.3069445972425453 0.5753061924802104 0.3060943352003222 0.5728876693378869 0.3084750689185469 0.5701668308027731
0 0.33075193442479256 0.5740969309090487 0.33109203924168185 0.5828640772999716 0.32650062421367704 0.585887231227876 0.3242899429038969 0.5840733388711333 0.32224931400256146 0.5816548157288098 0.3258204145798985 0.5798409233720672 0.3275209386643448 0.5762131386585819
0 0.3516683806634813 0.5780270310153244 0.35183843307192597 0.5837710234783429 0.3496277517621458 0.5861895466206664 0.34809728008614416 0.5867941774062473 0.34673686081858723 0.5870964927990378 0.34622670359325336 0.5852826004422951 0.34418607469191786 0.5846779696567141 0.3431657602412501 0.5819571311216002 0.34265560301591624 0.5792362925864862 0.3455464939594748 0.5789339771936958 0.3462267035932533 0.5750038770874201 0.3489475421283673 0.5768177694441627
0 0.37122440763461295 0.5780270310153244 0.3707142504092791 0.5825617619071811 0.3688436739163883 0.5852826004422951 0.36561267815594045 0.5861895466206664 0.3634019968461603 0.5861895466206664 0.36459236370527265 0.583166392692762 0.3649324685221619 0.5804455541576481 0.3647624161137173 0.5765154540513723 0.364422311296828 0.5740969309090488 0.36867362150794364 0.5750038770874201
0 0.3895900677466323 0.5777247156225339 0.3872093340284076 0.5804455541576481 0.38720933402840757 0.5846779696567141 0.3831280762257367 0.5846779696567141 0.38193770936662425 0.5807478695504384 0.3836382334510705 0.5780270310153244 0.3841483906764044 0.5731899847306774 0.3865291243946291 0.572887669337887 0.3878895436621861 0.5743992463018391
0 0.4093161471262086 0.5765154540513723 0.40659530859109466 0.5792362925864862 0.4054049417319823 0.5822594465143907 0.4028541556053129 0.5813525003360194 0.4006434742955328 0.5798409233720672 0.4009835791124221 0.5765154540513723 0.402854155605313 0.5750038770874201 0.4031942604222022 0.5704691461955634 0.4030242080137576 0.5668413614820782 0.4060851513657608 0.5689575692316112
0 0.42802191205511714 0.5725853539450965 0.42547112592844794 0.5759108232657913 0.42428075906933554 0.578329346408115 0.42224013016800005 0.578329346408115 0.42087971090044307 0.575608507873001 0.42207007775955546 0.5734923001234679 0.42258023498488934 0.5701668308027731 0.4230903922102232 0.5665390460892877 0.42530107352000324 0.5677483076604495 0.42717165001289414 0.5707714615883539
0 0.44876830588536126 0.5707714615883539 0.4436667336320226 0.5780270310153245 0.44315657640668865 0.5747015616946296 0.44009563305468546 0.5737946155162583 0.4373747945195715 0.573492300123468 0.43856516137868384 0.5704691461955634 0.44128599991379786 0.5695622000171922 0.440775842688464 0.5632135767685928 0.4424763667729102 0.5650274691253355 0.44349668122357794 0.5683529384460304
0 0.46730401840582514 0.5686552538388208 0.4671339659973806 0.5737946155162583 0.46543344191293445 0.5765154540513723 0.4627126033778204 0.5743992463018393 0.45999176484270643 0.5743992463018393 0.4598217124342618 0.5707714615883539 0.4610120792933742 0.5686552538388209 0.4608420268849296 0.5641205229469641 0.46458317987071124 0.5659344153037068
0 0.4870300977854015 0.5683529384460303 0.48651994056006764 0.5743992463018391 0.4831188923911752 0.5768177694441627 0.4809082110813951 0.5743992463018393 0.4797178442222827 0.5725853539450966 0.4798878966307273 0.5689575692316112 0.48073815867295044 0.5656320999109165 0.4829488399827306 0.5656320999109163
0 0.5074363867987565 0.5695622000171922 0.5050556530805317 0.5737946155162582 0.502164762136973 0.5743992463018393 0.5004642380525268 0.5716784077667253 0.4997840284187483 0.5692598846244017 0.49961397601030366 0.5641205229469641 0.5018246573200837 0.5638182075541738
0 0.5268223613614434 0.5656320999109163 0.5271624661783327 0.5716784077667252 0.5239314704178849 0.5765154540513723 0.5225710511503279 0.5774224002297436 0.520700474657437 0.5750038770874201 0.5188298981645462 0.5716784077667252 0.51934005538988 0.5674459922676591 0.5200202650236585 0.5632135767685928 0.5222309463334386 0.5635158921613833
0 0.5501195413183568 0.5659344153037068 0.5453580738819075 0.5704691461955634 0.5417869733045703 0.5719807231595156 0.5385559775441224 0.5704691461955634 0.5380458203187886 0.5692598846244017 0.5392361871779009 0.565329784518126 0.5395762919947903 0.5607950536262694 0.5397463444032348 0.5577718996983649 0.5422971305299041 0.5577718996983649 0.5438276022059058 0.5607950536262694
0 0.5603226858250343 0.5623066305902215 0.558622161740588 0.5650274691253355 0.5591323189659219 0.5698645154099825 0.561343000275702 0.5734923001234679 0.5627034195432591 0.5762131386585818 0.5657643628952622 0.5753061924802105 0.5666146249374854 0.572887669337887 0.5649141008530391 0.5704691461955634 0.5620232099094804 0.5677483076604495 0.561343000275702 0.5647251537325452