1 0.5670289855072463 0.5297906602254429 0.5701992753623188 0.5297906602254429 0.5783514492753623 0.537842190016103 0.5792572463768116 0.5571658615136876 0.5860507246376812 0.5982286634460547 0.5896739130434783 0.6095008051529791 0.5874094202898551 0.6465378421900161 0.5842391304347826 0.6666666666666666 0.5887681159420289 0.6924315619967794 0.5887681159420289 0.714975845410628 0.5910326086956522 0.7294685990338164 0.5874094202898551 0.7544283413848631 0.5932971014492754 0.7777777777777778 0.5946557971014492 0.8035426731078905 0.5878623188405797 0.822061191626409 0.5819746376811594 0.8244766505636071 0.49320652173913043 0.8244766505636071 0.358695652173913 0.8317230273752013 0.3134057971014493 0.8429951690821256 0.3070652173913043 0.8478260869565217 0.3020833333333333 0.856682769726248 0.29393115942028986 0.8623188405797102 0.2866847826086957 0.8607085346215781 0.2821557971014493 0.8502415458937198 0.27898550724637683 0.8309178743961353 0.2848731884057971 0.8172302737520128 0.28396739130434784 0.789049919484702 0.28532608695652173 0.7753623188405797 0.28351449275362317 0.750402576489533 0.2866847826086957 0.7423510466988728 0.2857789855072464 0.7246376811594203 0.2821557971014493 0.7101449275362319 0.28306159420289856 0.6409017713365539 0.2758152173913043 0.5942028985507246 0.27445652173913043 0.5909822866344605 0.26811594202898553 0.5885668276972624 0.26403985507246375 0.5813204508856683 0.2617753623188406 0.57085346215781 0.26268115942028986 0.5628019323671497 0.2726449275362319 0.5603864734299517 0.27807971014492755 0.5499194847020934 0.2875905797101449 0.5458937198067633 0.3183876811594203 0.5458937198067633 0.3319746376811594 0.5515297906602254 0.37318840579710144 0.5571658615136876 0.40217391304347827 0.5491143317230274 0.4316123188405797 0.5491143317230274 0.4365942028985507 0.5466988727858293 0.5289855072463768 0.5466988727858293 0.5384963768115942 0.5418679549114331 0.5570652173913043 0.5418679549114331
0 0.3100259468835619 0.5656200072952048 0.3121482009409508 0.5737946155162583 0.311794491931386 0.5803971836948015 0.30843425634052024 0.5816548157288098 0.3075499838166082 0.577567511618283 0.3057814387687841 0.5759954715757728 0.3061351477783489 0.57253698348225 0.3082574018357378 0.5706505354312378
0 0.3301873604287564 0.5731657994992542 0.3317790509717981 0.577253103609781 0.33089477844788606 0.58322685577132 0.32647341582832584 0.5847988958138304 0.3236437437518074 0.5854277118308344 0.3216983441992009 0.5816548157288097 0.32399745276137215 0.5788251436522912 0.32665027033310823 0.5791395516607933 0.32682712483789067 0.5712793514482418
0 0.35229417352655745 0.577881919626785 0.35211731902177507 0.582912447762818 0.35105619199308064 0.5863709358563407 0.3480496654117797 0.588257383907353 0.34645797486873803 0.588257383907353 0.3448662843256964 0.5857421198393366 0.3420366122491778 0.5860565278478386 0.341682903239613 0.5816548157288097 0.34362830279221945 0.5813404077203077 0.3443357208113491 0.5797683676777974 0.3443357208113491 0.5753666555587686 0.3443357208113491 0.5747378395417645 0.34698853838308524 0.5753666555587686 0.3501719194691686 0.577567511618283
0 0.37121760553827515 0.58322685577132 0.36803422445219186 0.5869997518733447 0.36432027985176124 0.5854277118308345 0.3632591528230668 0.5854277118308345 0.36485084336610846 0.5835412637798221 0.3650276978708909 0.5791395516607933 0.36467398886132607 0.5753666555587686 0.36997962400479834 0.5750522475502665
0 0.39120216457868734 0.5766242875927768 0.3874882199782567 0.5847988958138304 0.38430483889217343 0.5857421198393366 0.3816520213204373 0.5857421198393366 0.3807677487965252 0.5807115917033037 0.3821825848347845 0.5788251436522912 0.38377427537782616 0.5763098795842748 0.3843048388921734 0.572222575473748 0.38678080195912706 0.572851391490752
0 0.4111867236190994 0.5747378395417645 0.4067653609995393 0.5797683676777975 0.4041125434278032 0.5835412637798221 0.40322827090389113 0.58322685577132 0.4016365803608494 0.5813404077203077 0.40234399837997914 0.577253103609781 0.40340512540867357 0.5747378395417645 0.40322827090389113 0.5706505354312378 0.40340512540867357 0.5656200072952048 0.4072959245138865 0.567506455346217 0.4095950330760578 0.5731657994992542
0 0.42781104706864587 0.5712793514482418 0.42392024796343286 0.5788251436522912 0.4216211394012615 0.578196327635287 0.4209137213821319 0.5734802075077562 0.4223285574203912 0.5703361274227357 0.4225054119251736 0.5659344153037068
0 0.4493872966520997 0.5712793514482418 0.44408166150862743 0.577881919626785 0.4417825529464562 0.5756810635672707 0.4377148993364608 0.576938695601279 0.43665377230776625 0.572851391490752 0.44054457141297926 0.5700217194142336 0.44036771690819687 0.5643623752611965 0.4440816615086274 0.5637335592441923 0.4449659340325395 0.567820863354719
0 0.4668958926255581 0.5697073114057315 0.4661884746064285 0.577253103609781 0.4631819480251275 0.5744234315332624 0.4582300218912201 0.5753666555587685 0.460352275948609 0.572222575473748 0.46052913045339144 0.5627903352186862 0.46282823901556275 0.566563231320711
0 0.486349888151623 0.5693929033972295 0.4858193246372758 0.5753666555587685 0.4821053800368453 0.5791395516607933 0.47927570796032665 0.5759954715757728 0.47786087192206744 0.57253698348225 0.479806271474674 0.5697073114057316 0.4799831259794564 0.5646767832696986 0.48334336157032215 0.5662488233122089
0 0.5081029922398592 0.5687640873802253 0.5042121931346464 0.5731657994992541 0.5006751030389982 0.57253698348225 0.498906557991174 0.5709649434397398 0.49908341249595645 0.5659344153037068 0.5015593755629102 0.5631047432271883
0 0.527026424251577 0.5659344153037068 0.5275569877659242 0.5706505354312377 0.5252578792037529 0.5759954715757727 0.5215439346033224 0.577881919626785 0.5188911170315862 0.5750522475502665 0.5190679715363685 0.5693929033972295 0.5199522440602806 0.561532703184678
0 0.5514323459115493 0.5662488233122089 0.5459498562632947 0.567506455346217 0.5413516391389521 0.5734802075077562 0.537814549043304 0.5731657994992542 0.5371071310241742 0.5684496793717233 0.5399368031006928 0.5646767832696985 0.5399368031006928 0.5583886230996573 0.5438276022059058 0.5593318471251636 0.5486026738350308 0.5624759272101841
0 0.5609824891697993 0.5621615192016821 0.5597445076363224 0.5662488233122089 0.5609824891697994 0.5709649434397398 0.5620436161984939 0.5747378395417645 0.5648732882750123 0.5747378395417645 0.5677029603515309 0.5728513914907521 0.564342724760665 0.5709649434397398 0.562574179712841 0.5678208633547192