1 0.5797101449275363 0.5450885668276972 0.5887681159420289 0.5466988727858293 0.5955615942028986 0.5523349436392915 0.6028079710144928 0.5660225442834138 0.6073369565217391 0.5821256038647343 0.6100543478260869 0.6223832528180354 0.6109601449275363 0.6835748792270532 0.6222826086956522 0.7206119162640902 0.6218297101449275 0.7326892109500805 0.6186594202898551 0.7447665056360708 0.6091485507246377 0.7560386473429952 0.5973731884057971 0.7471819645732689 0.5887681159420289 0.7447665056360708 0.49728260869565216 0.7415458937198067 0.43931159420289856 0.7455716586151369 0.37817028985507245 0.7447665056360708 0.322463768115942 0.7624798711755234 0.30434782608695654 0.7745571658615137 0.29030797101449274 0.7769726247987118 0.2871376811594203 0.7721417069243156 0.2898550724637681 0.7632850241545893 0.29891304347826086 0.750402576489533 0.29981884057971014 0.7415458937198067 0.29528985507246375 0.7181964573268921 0.2907608695652174 0.6505636070853462 0.28306159420289856 0.5925925925925926 0.27807971014492755 0.5813204508856683 0.2653985507246377 0.571658615136876 0.2653985507246377 0.5668276972624798 0.26856884057971014 0.5595813204508857 0.27807971014492755 0.5491143317230274 0.2930253623188406 0.5466988727858293 0.3038949275362319 0.5515297906602254 0.3401268115942029 0.5547504025764896 0.4746376811594203 0.5547504025764896
0 0.3109897720565263 0.5645493230361469 0.30945229453175244 0.5677795788457728 0.3095920652158228 0.5734946468166493 0.3059580274299937 0.5737431280327744 0.30470009127336056 0.5700159097908983 0.3040012378530088 0.5660402103328973 0.3034421551167274 0.5630584357393966 0.30651711016627514 0.5580888114168953
0 0.3259452352520536 0.5633069169555217 0.3255259231998425 0.5680280600618978 0.3266440886724053 0.5742400904650244 0.3259452352520536 0.5787127523552756 0.32398844567506874 0.5787127523552756 0.32245096815029484 0.5769733838424002 0.32119303199366167 0.5757309777617748 0.32119303199366167 0.5702643910070235 0.3206339492573803 0.5660402103328973 0.32259073883436523 0.5605736235781459
0 0.34145978118386233 0.5645493230361469 0.33964276229094775 0.5695189473586482 0.3407609277635105 0.5754824965456498 0.3422984052882844 0.5767249026262751 0.3406211570794402 0.579955158435901 0.33922345023873673 0.580203639652026 0.3362882658732594 0.5777188274907754 0.3350303297166262 0.5757309777617748 0.33489055903255593 0.572252240736024 0.3343314762962745 0.5690219849263981 0.3354496417688373 0.5667856539812726 0.3369871192936112 0.5640523606038969
0 0.35837203395637457 0.5660402103328973 0.35669478574753033 0.5707613534392735 0.3573936391678821 0.5742400904650244 0.35459822548647507 0.5757309777617748 0.3529209772776309 0.5754824965456499 0.3506846463325053 0.5702643910070234 0.35082441701657563 0.5677795788457728 0.3533402893298419 0.5633069169555216 0.3547379961705454 0.5628099545232715
0 0.3755638280970275 0.5662886915490224 0.3740263505722536 0.5700159097908984 0.3744456626244646 0.5747370528972746 0.3719297903111983 0.5769733838424002 0.3708116248386356 0.5769733838424002 0.36997300073421346 0.5734946468166493 0.37039231278642454 0.5697674285747732 0.3709513955227059 0.565294766684522 0.37165024894305765 0.5630584357393966 0.37332749715190183 0.5655432479006471
0 0.39233631018546933 0.5672826164135226 0.39191699813325825 0.5747370528972746 0.3896806671881326 0.5757309777617748 0.3881431896633588 0.579955158435901 0.3871647948748664 0.580203639652026 0.38576708803416293 0.5757309777617748 0.3854875466660222 0.5727492031682742 0.3868852535067257 0.5712583158715238 0.38786364829521813 0.5675310976296477 0.3884227310314995 0.5638038793877718
0 0.407850856117278 0.5675310976296477 0.40645314927657455 0.5705128722231485 0.40645314927657455 0.5757309777617748 0.4060338372243635 0.5792097147875257 0.4037975062792379 0.5792097147875257 0.4030986528588862 0.5747370528972746 0.40226002875446404 0.5705128722231485 0.4043565890155193 0.5695189473586482 0.4056145251721524 0.5655432479006471
0 0.4247631088897903 0.568525022494148 0.4229460899968757 0.572252240736024 0.4235051727331571 0.5772218650585252 0.42308586068094606 0.5814460457326512 0.4214086124721019 0.5824399705971516 0.4200109056313983 0.580203639652026 0.4186131987906949 0.5782157899230255 0.41833365742255413 0.5742400904650246 0.4183336574225542 0.5717552783037738 0.4201506763154687 0.5697674285747734 0.42084952973582046 0.5655432479006471 0.4232256313650164 0.5672826164135225
0 0.4412560496100914 0.5685250224941479 0.4404174255056693 0.5707613534392735 0.4397185720853176 0.5754824965456499 0.438320865244614 0.57647642141015 0.43748224114019196 0.5794581960036508 0.4353856808791367 0.5757309777617748 0.4353856808791367 0.5729976843843992 0.4363640756676292 0.5675310976296477 0.4372026997720513 0.5665371727651474
0 0.4563512834896891 0.568525022494148 0.4548138059649152 0.5720037595198989 0.4539751818604932 0.5792097147875257 0.45271724570385996 0.5782157899230255 0.4513195388631565 0.5767249026262751 0.45020137339059374 0.5739916092488995 0.44992183202245306 0.5717552783037738 0.45145930954722685 0.5670341351973975 0.45369564049235245 0.5665371727651474
0 0.4728442242099903 0.5697674285747734 0.4701885812126536 0.5737431280327743 0.4701885812126536 0.5792097147875257 0.46669431411089485 0.5787127523552755 0.4658556900064728 0.5774703462746502 0.46557614863833213 0.5729976843843991 0.46557614863833213 0.5697674285747732 0.4659954606905432 0.5672826164135226 0.4662750020586839 0.5660402103328973 0.4706078932648647 0.569021984926398
0 0.48975647698250246 0.5675310976296477 0.488358770141799 0.5700159097908983 0.4871008339851659 0.5729976843843991 0.48654175124888444 0.5757309777617748 0.485144044408181 0.576227940194025 0.48430542030375884 0.576227940194025 0.48360656688340703 0.572749203168274 0.4837463375674774 0.5695189473586482 0.4837463375674774 0.5672826164135226 0.4852838150922512 0.5665371727651474
0 0.5040130867576781 0.5665371727651475 0.5024756092329042 0.5705128722231484 0.5023358385488339 0.5752340153295248 0.5007983610240601 0.5782157899230255 0.49912111281521576 0.57647642141015 0.4987018007630048 0.5739916092488995 0.4977234059745123 0.5697674285747734 0.4974438646063717 0.5675310976296477 0.4999597369196379 0.5657917291167722
0 0.5185492379009944 0.5665371727651475 0.5171515310602908 0.5700159097908983 0.5164526776399392 0.5782157899230255 0.5142163466948135 0.5774703462746503 0.5135174932744618 0.5732461656005242 0.5136572639585321 0.5700159097908983 0.5144958880629542 0.5660402103328973
0 0.5322467649398885 0.5677795788457728 0.5316876822036072 0.572252240736024 0.5323865356239589 0.5774703462746503 0.5311285994673257 0.5794581960036508 0.5288922685222002 0.5782157899230255 0.5270752496292856 0.5744885716811496 0.5270752496292855 0.572252240736024 0.5269354789452153 0.5695189473586483 0.5273547909974263 0.5677795788457728 0.5284729564699892 0.5638038793877718 0.5350421786212955 0.5650462854683971
0 0.5499976418168228 0.5638038793877718 0.5466431453991345 0.568525022494148 0.5463636040309937 0.5744885716811495 0.545664750610642 0.5787127523552756 0.5431488782973758 0.5754824965456498 0.5423102541929536 0.5705128722231484 0.5423102541929536 0.5665371727651474 0.543288648981446 0.5625614733071465 0.544406814454009 0.5600766611458957 0.5501374125008931 0.5620645108748963
0 0.5646735636442095 0.5600766611458958 0.5624372326990839 0.5640523606038969 0.5614588379105915 0.5692704661425232 0.5603406724380285 0.5725007219521491 0.5581043414929031 0.5715067970876488 0.5581043414929031 0.568276541278023 0.5592225069654658 0.5655432479006473 0.5595020483336065 0.5620645108748964 0.5597815897017473 0.5598281799297707 0.5607599844902397 0.5583372926330203 0.5628565447512949 0.5588342550652704
0 0.5811665043645107 0.5578403302007702 0.578930173419385 0.561070586010396 0.5786506320512443 0.5655432479006471 0.577672237262752 0.568773503710273 0.5764143011061187 0.5715067970876487 0.5755756770016965 0.572003759519899 0.5751563649494856 0.5638038793877718 0.5762745304220483 0.5620645108748964 0.5768336131583297 0.560573623578146 0.5769733838424 0.5583372926330203 0.5779517786308925 0.5565979241201449
0 0.590531140197224 0.5516282997976436 0.5896925160928019 0.5543615931750193 0.5899720574609426 0.5580888114168953 0.5906709108812944 0.5620645108748964 0.5917890763538571 0.5640523606038969 0.5934663245627014 0.5633069169555216 0.5936060952467718 0.5580888114168953 0.59290724182642 0.553367668310519 0.5920686177219978 0.5518767810137687 0.5912299936175758 0.5513798185815185