1 0.5742753623188406 0.5450885668276972 0.5842391304347826 0.5450885668276972 0.5928442028985508 0.5499194847020934 0.6028079710144928 0.5676328502415459 0.6068840579710145 0.5797101449275363 0.6105072463768116 0.6215780998389694 0.6105072463768116 0.6835748792270532 0.613677536231884 0.6972624798711755 0.6200181159420289 0.7093397745571659 0.6231884057971014 0.7214170692431562 0.6209239130434783 0.7407407407407407 0.6159420289855072 0.750402576489533 0.6082427536231884 0.7552334943639292 0.6000905797101449 0.7479871175523349 0.5910326086956522 0.7447665056360708 0.5321557971014492 0.7423510466988728 0.4461050724637681 0.7455716586151369 0.3908514492753623 0.7439613526570048 0.35507246376811596 0.750402576489533 0.31023550724637683 0.7665056360708534 0.30434782608695654 0.7721417069243156 0.29891304347826086 0.7721417069243156 0.296195652173913 0.7681159420289855 0.30117753623188404 0.7439613526570048 0.2957427536231884 0.7101449275362319 0.29257246376811596 0.6602254428341385 0.28804347826086957 0.6223832528180354 0.2817028985507246 0.5869565217391305 0.2767210144927536 0.5764895330112721 0.26992753623188404 0.5692431561996779 0.27309782608695654 0.5587761674718197 0.27853260869565216 0.5523349436392915 0.291213768115942 0.5466988727858293 0.3052536231884058 0.5531400966183575 0.33152173913043476 0.5547504025764896 0.49184782608695654 0.5539452495974235
0 0.3113643574898348 0.5659408178464473 0.3099107423755032 0.5695587043532283 0.308893211795471 0.5739518522543194 0.3067127891239736 0.5739518522543194 0.3048230894753425 0.5705923862123086 0.3042416434296098 0.5669744997055276 0.3042416434296098 0.5651655564521372 0.304387004941043 0.5615476699453562 0.3062767045896741 0.560772408551046 0.3081664042383052 0.5633566131987467
0 0.32590050863315106 0.5656823973816772 0.32255719387018833 0.5638734541282868 0.32124894026728984 0.5680081815646079 0.3218303863130225 0.5731765908600093 0.322266470847322 0.5773113182963303 0.32372008596165364 0.5796371024792609 0.32546442409885157 0.5801539434088011 0.32604587014458425 0.57627763643725 0.32546442409885157 0.5726597499304691 0.32546442409885157 0.5703339657475385
0 0.34043665977646737 0.564648715522597 0.3368026219906383 0.5630981927339767 0.3363665374563388 0.5700755452827685 0.3369479835020715 0.5760192159724801 0.33970985221930156 0.5788618410849508 0.34058202128790055 0.5749855341133997 0.3404366597764674 0.5742102727190895 0.3392737676850021 0.5713676476066188
0 0.3555542569655163 0.5625813518044365 0.35322847278258573 0.5623229313396664 0.35192021917968724 0.5708508066770787 0.35308311127115255 0.5760192159724801 0.35453672638548417 0.5783450001554107 0.35584497998838266 0.5752439545781698 0.35628106452268216 0.5736934317895495 0.35657178754554847 0.5698171248179984 0.3555542569655163 0.5659408178464473
0 0.3743058919403943 0.5641318745930569 0.3718347462460305 0.5638734541282868 0.3709625771774316 0.5713676476066188 0.3706718541545652 0.5765360569020201 0.37227083078032996 0.5791202615497208 0.37314299984892896 0.5760192159724801 0.3747419764746938 0.5731765908600093 0.3747419764746938 0.5690418634236882 0.3747419764746938 0.5664576587759875
0 0.39087710424377486 0.5659408178464473 0.38709770494651263 0.5677497610998379 0.38622553587791364 0.5713676476066188 0.38608017436648046 0.5744686931838596 0.3868069819236463 0.5788618410849508 0.38782451250367844 0.5775697387611004 0.38898740459514375 0.5755023750429399 0.39087710424377486 0.5749855341133997 0.39087710424377486 0.5690418634236882
0 0.40686687050142284 0.5674913406350678 0.4045410863184922 0.5674913406350678 0.4022153021355616 0.5724013294656991 0.40366891724989323 0.5780865796906406 0.40526789387565804 0.5755023750429399 0.40584933992139066 0.5716260680713888
0 0.42358344431623646 0.568525022494148 0.4214030216447391 0.5674913406350678 0.418641152927509 0.5742102727190895 0.4205308525761401 0.5791202615497208 0.4221298292019049 0.57627763643725 0.4224205522247712 0.5736934317895495
0 0.43986393359675074 0.568266602029378 0.437392787902387 0.5672329201702977 0.4360845342994885 0.5708508066770787 0.4357938112766222 0.5778281592258705 0.43797423394811963 0.5749855341133997 0.43899176452815175 0.5731765908600093
0 0.45498153078579967 0.568266602029378 0.45381863869433436 0.5672329201702977 0.45149285451140375 0.5672329201702977 0.45047532393137163 0.5744686931838596 0.4509114084656711 0.5786034206201807 0.45163821602283694 0.5804123638735712 0.45352791567146805 0.5775697387611004 0.4539640002057675 0.5729181703952392 0.4548361692743665 0.5713676476066188
0 0.47184346611204653 0.5705923862123086 0.4689362358833834 0.5698171248179984 0.4676279822804848 0.5672329201702977 0.46631972867758636 0.568266602029378 0.4661743671661533 0.5767944773667902 0.4669011747233191 0.579895522944031 0.4687908743719502 0.5788618410849508 0.4699537664634155 0.57627763643725 0.470389850997715 0.5729181703952392
0 0.4885600399268603 0.5669744997055276 0.4863796172553629 0.5656823973816772 0.48332702551526646 0.5674913406350678 0.4841991945838654 0.5739518522543194 0.4853620866753307 0.57576079550771 0.4866703402782292 0.5708508066770787
0 0.5041137216502087 0.568266602029378 0.501787937467278 0.5664576587759875 0.49888070723861483 0.5664576587759875 0.49858998421574857 0.5695587043532283 0.49917143026148114 0.5744686931838596 0.5000435993300801 0.5775697387611004 0.5013518529329786 0.5734350113247794 0.5029508295587434 0.5713676476066188
0 0.5182137882592255 0.5672329201702977 0.5163240886105944 0.5667160792407576 0.5135622198933643 0.5713676476066188 0.5139983044276639 0.5770528978315603 0.5155972810534287 0.5778281592258705 0.5160333655877282 0.572142909000929 0.5174869807020597 0.5690418634236882
0 0.5326045778911087 0.5672329201702977 0.5314416857996433 0.5636150336635167 0.5294066246395791 0.5628397722692066 0.5282437325481137 0.5656823973816772 0.5273715634795147 0.5700755452827685 0.5263540328994827 0.57627763643725 0.5278076480138143 0.5783450001554107 0.5305695167310444 0.57627763643725 0.5308602397539107 0.5708508066770787
0 0.5480128981030239 0.5636150336635167 0.5448149448514944 0.5615476699453562 0.5430706067142964 0.5623229313396664 0.541907714622831 0.568525022494148 0.5421984376456974 0.5747271136486297 0.5448149448514944 0.5770528978315603 0.5458324754315265 0.5700755452827685 0.5467046445001255 0.5674913406350678
0 0.5635665798263723 0.5599971471567358 0.5609500726205754 0.5592218857624256 0.5584789269262116 0.5633566131987467 0.5578974808804791 0.5700755452827685 0.5612407956434418 0.5744686931838596 0.5618222416891745 0.5659408178464473 0.5628397722692066 0.5628397722692066
0 0.5810099611983519 0.5576713629738052 0.5781027309696887 0.5558624197204147 0.576649115855357 0.5615476699453562 0.5754862237638917 0.5661992383112174 0.5750501392295922 0.5708508066770787 0.5769398388782233 0.572142909000929 0.5775212849239559 0.5659408178464473 0.5791202615497207 0.5630981927339767 0.5801377921297529 0.5592218857624256
0 0.5924935206015717 0.552761374143174 0.5894409288614753 0.5519861127488637 0.5898770133957747 0.5597387266919658 0.5920574360672722 0.5615476699453562 0.5938017742044701 0.5576713629738052 0.593656412693037 0.5540534764670243