1 0.28894927536231885 0.5426731078904992 0.29438405797101447 0.5434782608695652 0.3029891304347826 0.5515297906602254 0.31431159420289856 0.5547504025764896 0.483695652173913 0.5547504025764896 0.5634057971014492 0.5458937198067633 0.5869565217391305 0.5475040257648953 0.5960144927536232 0.5563607085346216 0.6068840579710145 0.5797101449275363 0.6096014492753623 0.6256038647342995 0.6105072463768116 0.6859903381642513 0.6127717391304348 0.6972624798711755 0.6218297101449275 0.7181964573268921 0.6218297101449275 0.7318840579710145 0.6186594202898551 0.7455716586151369 0.6091485507246377 0.7536231884057971 0.5905797101449275 0.7447665056360708 0.48233695652173914 0.7423510466988728 0.4302536231884058 0.7455716586151369 0.391304347826087 0.7431561996779388 0.3645833333333333 0.7471819645732689 0.30842391304347827 0.7648953301127214 0.30344202898550726 0.7721417069243156 0.29030797101449274 0.7729468599033816 0.29257246376811596 0.7681159420289855 0.3020833333333333 0.7616747181964574 0.3020833333333333 0.7479871175523349 0.2966485507246377 0.7230273752012882 0.29483695652173914 0.6900161030595813 0.28442028985507245 0.5942028985507246 0.27853260869565216 0.5772946859903382 0.27219202898550726 0.5676328502415459 0.27445652173913043 0.5563607085346216
0 0.31001862154904425 0.5674227372374443 0.309528085755454 0.5712016796473248 0.3096915976866508 0.5749806220572053 0.3067483829251092 0.5746899341795223 0.30560379940673194 0.5712016796473248 0.3036416562323709 0.566259985726712 0.30266058464519036 0.5630624190721976 0.30691189485630593 0.5589927887846339
0 0.3253887430815391 0.5674227372374443 0.3222820163888008 0.5633531069498807 0.3199928493520462 0.5671320493597612 0.32048338514563646 0.5749806220572053 0.32391713570076824 0.5793409402224521 0.3262063027375229 0.5802130038555015 0.3266968385311131 0.5755619978125717
0 0.3399413049580501 0.5648065463382963 0.33765213792129556 0.5642251705829301 0.33618053054052477 0.5677134251151275 0.3373251140589021 0.5732364947911066 0.33536297088454103 0.5749806220572053 0.3407588646140338 0.581375755366234 0.34206696006360787 0.5802130038555015 0.34157642427001766 0.5770154372009871 0.3396142810956566 0.5712016796473248
0 0.35776410545849624 0.5662599857267119 0.35318577138498713 0.5627717311945144 0.35220469979780655 0.5682948008704937 0.35220469979780655 0.5761433735679379 0.3558019622841352 0.5793409402224522 0.3571100577337092 0.5732364947911066 0.3571100577337092 0.5694575523812261
0 0.37509637016535213 0.5668413614820781 0.3746058343717618 0.5761433735679378 0.373134226990991 0.578759564467086 0.3708450599542365 0.5761433735679379 0.3692099406422689 0.5717830554026911 0.3714991076790235 0.5642251705829301
0 0.39128405135383065 0.5665506736043949 0.3916110752162241 0.5738178705464729 0.3899759559042566 0.5752713099348885 0.38834083659228913 0.5807943796108677 0.3858881576243378 0.5738178705464729 0.38735976500510855 0.5706203038919586 0.38850434852348587 0.5671320493597612
0 0.40698119674871897 0.5680041129928106 0.40550958936794823 0.5659692978490288 0.4033839342623904 0.5703296160142755 0.4015853030192261 0.5712016796473248 0.40452851778076765 0.578759564467086 0.40616363709273523 0.5755619978125716
0 0.4243134614555748 0.5694575523812261 0.4207161989692462 0.5656786099713457 0.42038917510685275 0.5703296160142755 0.4176094722765079 0.574108558424156 0.4198986393132625 0.581666443243917 0.4218607824876235 0.5819571311216002 0.42235131828121375 0.5764340614456209
0 0.44082816650644685 0.5674227372374443 0.4378849517449053 0.5659692978490287 0.4364133443641346 0.5700389281365924 0.43657685629533133 0.5770154372009871 0.43902953526328264 0.5729458069134236
0 0.4555442403141547 0.5677134251151275 0.45374560907099043 0.5659692978490287 0.45161995396543264 0.5665506736043949 0.4506388823782521 0.5732364947911066 0.45031185851585853 0.5778875008340365 0.45211048975902285 0.581375755366234 0.45407263293338396 0.5770154372009871 0.45407263293338396 0.5732364947911066
0 0.47173192150263327 0.5697482402589092 0.46780763515391116 0.5665506736043949 0.46633602777314037 0.5677134251151275 0.4664995397043372 0.5732364947911066 0.4668265635667307 0.5778875008340365 0.4691157306034852 0.5805036917331846 0.46960626639707553 0.5743992463018391
0 0.4884101384847021 0.5682948008704937 0.48677501917273464 0.5677134251151275 0.4843223402047833 0.5677134251151275 0.483831804411193 0.5717830554026911 0.4821966850992254 0.5770154372009871 0.4836682924799962 0.5784688765894028 0.48497638792957026 0.5749806220572053 0.4867750191727345 0.5726551190357405
0 0.5036167480860001 0.5665506736043949 0.5016546049116392 0.5648065463382963 0.49985597366847484 0.5650972342159795 0.4992019259436879 0.5717830554026911 0.49887490208129426 0.5778875008340365 0.5014910929804424 0.5784688765894028 0.501818116842836 0.5709109917696418
0 0.5171882383753307 0.5662599857267119 0.5142450236137891 0.5659692978490288 0.5142450236137892 0.5714923675250079 0.5134274639578054 0.5749806220572053 0.5150625832697728 0.5793409402224522 0.5163706787193469 0.5749806220572053 0.5163706787193469 0.5700389281365924 0.5180057980313144 0.5682948008704937
0 0.531577288320645 0.5627717311945144 0.5276530019719229 0.5636437948275638 0.5276530019719229 0.5712016796473248 0.5263449065223489 0.5749806220572053 0.5283070496967098 0.5796316281001352 0.5299421690086774 0.5767247493233042 0.5307597286646611 0.5729458069134237 0.532231336045432 0.5680041129928106
0 0.5490730649586976 0.5624810433168314 0.5477649695091236 0.5618996675614651 0.5420420519172372 0.5604462281730496 0.5423690757796307 0.5656786099713457 0.5413880041924501 0.5688761766258599 0.5425325877108275 0.5767247493233041 0.544821754747582 0.5775968129563535 0.5462933621283528 0.5723644311580574 0.5469474098531398 0.5685854887481768 0.5492365768898942 0.5645158584606131
0 0.5636256268352087 0.5589927887846339 0.5593743166240931 0.5584114130292678 0.5603553882112736 0.5621903554391483 0.5593743166240931 0.5659692978490287 0.5575756853809288 0.5688761766258599 0.5583932450369126 0.5723644311580572 0.560682412073667 0.5743992463018391 0.5623175313856346 0.5685854887481768 0.5631350910416183 0.5645158584606131 0.5637891387664055 0.5613182918060989
0 0.581938963129245 0.5569579736408521 0.5803038438172775 0.5563765978854859 0.5768700932621457 0.5578300372739015 0.5768700932621457 0.561608979683782 0.5750714620189813 0.5650972342159795 0.5747444381565878 0.5712016796473248 0.576706581330949 0.5738178705464729 0.5780146767805229 0.5653879220936625 0.579322772230097 0.5618996675614651
0 0.5892970000330988 0.551725591842556 0.5892970000330989 0.5552138463747535 0.5901145596890827 0.5613182918060989 0.5907686074138696 0.5653879220936625 0.5920767028634437 0.5677134251151275 0.5943658699001982 0.5624810433168314 0.5943658699001982 0.5575393493962184 0.5927307505882307 0.5534697191086547