1 0.6933876811594203 0.35104669887278583 0.7178442028985508 0.3526570048309179 0.7232789855072463 0.35668276972624796 0.7278079710144928 0.3663446054750403 0.7250905797101449 0.38003220611916266 0.7192028985507246 0.38486312399355876 0.7160326086956522 0.392109500805153 0.7160326086956522 0.43397745571658614 0.7228260869565217 0.5040257648953301 0.7223731884057971 0.5418679549114331 0.7192028985507246 0.5499194847020934 0.7101449275362319 0.5587761674718197 0.6721014492753623 0.5619967793880838 0.6204710144927537 0.5603864734299517 0.5742753623188406 0.5668276972624798 0.4483695652173913 0.572463768115942 0.40307971014492755 0.5789049919484702 0.3967391304347826 0.5748792270531401 0.3822463768115942 0.5571658615136876 0.38179347826086957 0.5434782608695652 0.384963768115942 0.5314009661835749 0.391304347826087 0.48389694041867953 0.39221014492753625 0.44122383252818037 0.3894927536231884 0.40177133655394526 0.3967391304347826 0.3743961352657005 0.3990036231884058 0.3719806763285024 0.4673913043478261 0.3784219001610306 0.5217391304347826 0.3784219001610306 0.6073369565217391 0.3679549114331723 0.6467391304347826 0.357487922705314
0 0.4084282531392566 0.3795043039006148 0.40942229817275644 0.38568947299794726 0.40793123062250664 0.38811936085761356 0.40793123062250664 0.3932000354732795 0.40557037366794446 0.3932000354732795 0.40494909552200703 0.39165374319894636 0.40656441870144433 0.3867939674796137 0.40743420810575676 0.38370138293094747
0 0.4260725524838792 0.3927582376806129 0.42097807168719237 0.39342093436961284 0.4196112597661301 0.38635216968694713 0.4218478610915048 0.38502677630894727 0.4232146730125671 0.39032834982094655
0 0.4399891829528773 0.38745666416861363 0.43588874718969034 0.38767756306494694 0.43651002533562777 0.39253733878427954 0.43762832599831514 0.39496722664394596 0.4399891829528773 0.39474632774761265 0.44135599487393956 0.39673441781461233 0.4430955736825643 0.3949672266439459 0.44222578427825193 0.39253733878427954 0.4406104610988147 0.39165374319894636
0 0.4587517829601872 0.38745666416861363 0.4560181591180626 0.38944475423561337 0.4551483697137502 0.3912119454062798 0.4522904902424381 0.3905492487172799 0.45142070083812574 0.3925373387842796 0.453036024017563 0.3951881255402792 0.4536573021635004 0.3969553167109457 0.45552113660131266 0.39739711450361226 0.45850327170181226 0.39938520457061205 0.45924880547693714 0.3936418332659461 0.45924880547693714 0.38988655202827993
0 0.47465650349618504 0.38878205754661344 0.47068032336218557 0.38922385533928006 0.4683194664076234 0.39054924871727986 0.4683194664076234 0.3927582376806129 0.46906500018274827 0.394304529954946 0.4694377670703108 0.399385204570612 0.47502927038374754 0.401594193533945 0.4747807591253725 0.39761801339994557 0.4742837366086225 0.3954090244366125
0 0.48907015648193314 0.3905492487172799 0.4879518558192457 0.38922385533928006 0.4853424876063086 0.3901074509246133 0.4853424876063086 0.3929791365769462 0.486212277010621 0.3962926200219457 0.4864607882689959 0.3998270023632786 0.4883246227068082 0.3998270023632786 0.4888216452235581 0.3951881255402792
0 0.5052233882763059 0.38856115865028024 0.5026140200633686 0.38767756306494694 0.4975195392666819 0.3901074509246133 0.4990106068169316 0.39187464209527967 0.4998803962212441 0.39209554099161303 0.5009986968839314 0.3985016089852788 0.5049748770179309 0.39739711450361226
0 0.5190157631161164 0.3896656531319467 0.5139212823194297 0.3923164398879463 0.5160336280156168 0.3956299233329459 0.5216251313290535 0.39474632774761265
0 0.5359145286856141 0.38635216968694713 0.5328081379559271 0.38657306858328044 0.5306957922597398 0.38900295644294675 0.5293289803386776 0.3909910465099465 0.5295774915970525 0.3934209343696128 0.5315655816640522 0.3934209343696128 0.5328081379559271 0.39673441781461233 0.5365358068315516 0.39496722664394596 0.536411551202364 0.38944475423561337
0 0.5509494598172996 0.3828177873456143 0.548712858491925 0.3830386862419476 0.5457307233914254 0.38878205754661344 0.5474703022000501 0.3901074509246133 0.548712858491925 0.3954090244366125 0.552316271738362 0.39474632774761265 0.5514464823340496 0.38900295644294675
0 0.565984390948985 0.38458497851628065 0.5613869326690482 0.38657306858328044 0.5636235339944229 0.3903283498209466 0.5637477896236103 0.3923164398879463 0.5671026916116724 0.3909910465099465 0.566481413465735 0.38767756306494694
0 0.5823861340017328 0.3828177873456143 0.5794039989012332 0.38171329286394773 0.5769188863174834 0.38657306858328044 0.5789069763844832 0.38811936085761356 0.579901021417983 0.39386273216227946 0.5828831565184828 0.3927582376806129 0.5825103896309203 0.3863521696869471
0 0.5967997869874808 0.3812714950712811 0.5929478624826688 0.3832595851382809 0.5934448849994188 0.38723576527228026 0.5950602081788561 0.38988655202827993 0.5967997869874808 0.3901074509246133 0.5979180876501681 0.387677563064947 0.5985393657961057 0.384805877412614
0 0.6128287631526661 0.37950430390061474 0.6091010942770417 0.3808296972786145 0.6119589737483537 0.3885611586502802 0.6149411088488533 0.38657306858328044 0.6154381313656033 0.3830386862419476
0 0.628981994947039 0.3759699215592819 0.6268696492508518 0.3772953149372817 0.6253785817006019 0.3801670005896146 0.6278636942843515 0.3845849785162807 0.6301002956097262 0.3828177873456143 0.6304730624972886 0.37906250610794806
0 0.6466262942916615 0.3666921679132832 0.6438926704495368 0.36845935908394956 0.6406620240906623 0.374644528181282 0.6422773472700996 0.3779580116262816 0.6432713923035994 0.38127149507128116 0.646253527404099 0.37950430390061474 0.6469990611792239 0.3744236292849487 0.6476203393251614 0.36978475246194936
0 0.661164202906597 0.36514587563895 0.6549514214472228 0.36868025798028287 0.654454398930473 0.3719937414252824 0.6571880227725976 0.374644528181282 0.6586790903228473 0.3788416072116148 0.6616612254233468 0.3783998094189482 0.6612884585357844 0.3726564381142823 0.6635250598611592 0.3682384601876162
0 0.6801753141722819 0.3653667745352833 0.6783114797344697 0.3649249767426167 0.6754536002631575 0.3693429546692828 0.6735897658253454 0.3689011568766162 0.6725957207918454 0.37354003369961547 0.6743352996004702 0.37486542707761533 0.6747080664880326 0.3772953149372817 0.6801753141722819 0.3757490226629486 0.6793055247679696 0.3719937414252824
0 0.6897429976197181 0.3653667745352833 0.6970740797417796 0.3613905944012839 0.6950859896747799 0.3664712690169498 0.6937191777537175 0.3711101458399492 0.6916068320575303 0.3704474491509493 0.6897429976197181 0.3693429546692828