1 0.6929347826086957 0.35185185185185186 0.7146739130434783 0.3526570048309179 0.7219202898550725 0.35668276972624796 0.7264492753623188 0.36553945249597425 0.7246376811594203 0.37922705314009664 0.7169384057971014 0.3888888888888889 0.7155797101449275 0.3977455716586151 0.7155797101449275 0.4363929146537842 0.7219202898550725 0.5048309178743962 0.720108695652174 0.5418679549114331 0.7096920289855072 0.5603864734299517 0.6163949275362319 0.5603864734299517 0.5788043478260869 0.5652173913043478 0.4483695652173913 0.572463768115942 0.40398550724637683 0.5789049919484702 0.38405797101449274 0.5563607085346216 0.38315217391304346 0.5434782608695652 0.39221014492753625 0.4830917874396135 0.39266304347826086 0.44122383252818037 0.389945652173913 0.4033816425120773 0.3953804347826087 0.37600644122383253 0.39809782608695654 0.37037037037037035 0.40398550724637683 0.3687600644122383 0.41757246376811596 0.37359098228663445 0.4682971014492754 0.3784219001610306 0.5271739130434783 0.3784219001610306 0.6041666666666666 0.3695652173913043 0.6422101449275363 0.35909822866344604
0 0.4080037130728661 0.3800197346587258 0.40854215413267847 0.3850451845503085 0.407869102807913 0.38911340589111354 0.4075998822780068 0.3931816272319185 0.40652300015838194 0.39413885578269614 0.4049076769789447 0.39198509154344635 0.40611916936352266 0.3886347916157247 0.40665761042333504 0.38600241310108613
0 0.4213301293032236 0.3838486488618364 0.42604148857658236 0.3934209343696129 0.4218685703630361 0.3934209343696129 0.42011863691864565 0.3891134058911135 0.41917636506397393 0.3852844916880029
0 0.43842563295226816 0.3867203345141694 0.43546420712329986 0.3883954844780302 0.4368103097728309 0.3934209343696129 0.4388294637471275 0.39413885578269614 0.4415216690461896 0.3955746986088626 0.4423293306359083 0.39509608433347376 0.44152166904618967 0.3919850915434464 0.4397717356017993 0.3900706344418911
0 0.45780951110551554 0.38791687020264143 0.454578864746641 0.39078855585497435 0.452021269712532 0.39126717013036316 0.4522904902424382 0.39461747005808495 0.45444425448168785 0.3974891557104179 0.45727107004570317 0.39892499853658436 0.4579441213704687 0.3996429199496676 0.4579441213704687 0.39413885578269614 0.45848256243028107 0.3915064772680576 0.4582133419003749 0.38839548447803024
0 0.4734243018400759 0.39030994157958554 0.47140514786577925 0.3891134058911135 0.46844372203681095 0.3900706344418911 0.4677706707120454 0.39174578440575203 0.4685783323017641 0.39413885578269614 0.4692513836265296 0.39772846284811236 0.4704628760111076 0.39988222708736204 0.4745011839597008 0.399882227087362 0.47423196342979457 0.3962926200219458 0.47423196342979457 0.3934209343696129
0 0.48755837966015214 0.38887409875341905 0.4852700051559492 0.3910278629926688 0.48419312303632445 0.3938995486450017 0.4844623435662307 0.395814005746557 0.48540461542090246 0.3967712342973347 0.4858084462157617 0.40012153422505636 0.4879622104550115 0.40012153422505636 0.48850065151482386 0.395814005746557 0.488635261779777 0.3915064772680576
0 0.5037116114545249 0.3888740987534191 0.5003463548306972 0.38815617734033586 0.497519539266682 0.391745784405752 0.4998079137708848 0.3924637058188353 0.5008847958905097 0.39868569139888993 0.5039808319844311 0.39796776998580674 0.5042500525143373 0.3924637058188353
0 0.5186533508643197 0.38935271302880786 0.5158265353003045 0.39126717013036316 0.5142112121208673 0.39342093436961284 0.5169034174199293 0.39605331288425144 0.5199994535138508 0.3953353914711682 0.5193264021890852 0.3919850915434464
0 0.536825736632989 0.38576310596339164 0.5346719723937393 0.38552379882569726 0.5300952233853338 0.39102786299266873 0.5326528184194428 0.39318162723191846 0.5335950902741146 0.39653192715964025 0.5365565161030829 0.39605331288425144 0.5365565161030829 0.3910278629926688 0.5368257366329892 0.38719894878955824
0 0.5510944247180184 0.3838486488618364 0.5486714399488626 0.3828914203110587 0.5457100141198943 0.38815617734033586 0.5490752707437218 0.39366024150730733 0.5489406604787688 0.3965319271596402 0.5525751376325025 0.39509608433347376 0.5532481889572681 0.38935271302880786
0 0.5665746051876257 0.3860024131010862 0.5638823998885635 0.3850451845503085 0.5613248048544545 0.3869596416518638 0.5634785690937043 0.38983132730419673 0.5633439588287511 0.39366024150730733 0.5660361641278133 0.3919850915434464 0.5677860975722036 0.39174578440575203
0 0.5820547856572329 0.3848058774126141 0.5789587495633115 0.3824128060356699 0.5773434263838743 0.38600241310108613 0.579631800888077 0.3895920201665023 0.5800356316829364 0.3931816272319185 0.5820547856572329 0.39270301295652965
0 0.5979387969216994 0.3828914203110587 0.5963234737422622 0.38145557748489234 0.5945735402978719 0.3816948846225867 0.5934966581782469 0.384805877412614 0.5947081505628249 0.3874382559272526 0.5949773710927311 0.3900706344418911 0.5969965250670277 0.38959202016650235 0.5982080174516057 0.3857631059633917
0 0.6142266389810254 0.38073765607180904 0.6119382644768226 0.37954112038333704 0.6088422283829011 0.38049834893411466 0.6108613823571978 0.38552379882569726 0.6118036542118694 0.38791687020264143 0.6140920287160723 0.38695964165186375
0 0.6299760399805389 0.3771480490063928 0.6284953270660547 0.37595151331792087 0.625130070442227 0.3802590417964202 0.6272838346814767 0.38241280603566996 0.6276876654763361 0.38408795599953083 0.6290337681258671 0.38384864886183645 0.6302452605104452 0.38049834893411466
0 0.6462638820398647 0.36781507063631086 0.6406102509118343 0.37379774907867114 0.6434370664758495 0.37666943473100406 0.6438408972707088 0.37906250610794817 0.6463984923048179 0.3752335919048376 0.6474753744244428 0.3706867562886438
0 0.661744062509472 0.36781507063631075 0.6602633495949879 0.36613992067245 0.6548789389968636 0.3702081420132549 0.6567634827062071 0.3728405205278935 0.6574365340309726 0.3761908204556152 0.658109585355738 0.3793018132456426 0.660397959859941 0.3769087418686985 0.6616094522445188 0.3733191348032823 0.6624171138342376 0.37020814201325497
0 0.6785703456286104 0.3651826921216723 0.6737243760902986 0.3690116063247829 0.671839832380955 0.3694902206001717 0.6738589863552517 0.37619082045561525 0.6783011250987041 0.37595151331792087 0.678166514833751 0.3711653705640326 0.6797818380131883 0.36853299204939405
0 0.6963389006024204 0.36159308505625615 0.689608387354765 0.36781507063631086 0.6908198797393431 0.3702081420132549 0.6951274082178425 0.36996883487556054 0.6952620184827956 0.3668578420855332