1 0.7060688405797102 0.3502415458937198 0.7219202898550725 0.35426731078904994 0.7336956521739131 0.36553945249597425 0.7282608695652174 0.38003220611916266 0.7219202898550725 0.3864734299516908 0.71875 0.394524959742351 0.7164855072463768 0.43800322061191627 0.7237318840579711 0.5096618357487923 0.71875 0.5475040257648953 0.7164855072463768 0.5547504025764896 0.7115036231884058 0.5611916264090178 0.6168478260869565 0.5603864734299517 0.572463768115942 0.5676328502415459 0.490036231884058 0.5700483091787439 0.40398550724637683 0.5789049919484702 0.384963768115942 0.5587761674718197 0.38315217391304346 0.5539452495974235 0.3822463768115942 0.5442834138486312 0.39221014492753625 0.4855072463768116 0.39311594202898553 0.4420289855072464 0.38858695652173914 0.39855072463768115 0.39311594202898553 0.3647342995169082 0.4157608695652174 0.37359098228663445 0.5140398550724637 0.3784219001610306 0.6041666666666666 0.3687600644122383 0.6408514492753623 0.35829307568438
0 0.4084260662401829 0.38108417280719054 0.4093668304598872 0.3861015819789467 0.4078884866860662 0.38920759718050996 0.4072165122434203 0.39398608210599195 0.4058725633581285 0.3944639305985402 0.40466300936136584 0.39135791539697684 0.40614135313518684 0.38801297594913947 0.4070821173548911 0.38562373348639845
0 0.42199994998163026 0.38371233951620565 0.4187744726569299 0.38490696074757613 0.421059185761926 0.3896854456730582 0.4213279755389844 0.3925525366283474 0.4257630068604474 0.39374715785971787 0.42562861197191815 0.39088006690442867 0.4232095039783929 0.38777405170286533
0 0.43893370593630715 0.38586265773267253 0.43543943883454844 0.38753512745659124 0.4363802030542527 0.3935082336134438 0.43893370593630715 0.39565855182991067 0.44283115770365344 0.39756994580010346 0.4416216037068908 0.39279146087462147 0.4396056803789531 0.39040221841188044
0 0.4580177801074509 0.38777405170286533 0.452104405012167 0.39279146087462147 0.4545235130056922 0.3980477942926517 0.4584209647730385 0.398764567031474 0.4584209647730385 0.39279146087462147
0 0.47441395650801105 0.39040221841188044 0.47226363829154416 0.38920759718050996 0.46997892518654816 0.38920759718050996 0.46850058141272716 0.39231361238207324 0.46984453029801887 0.3982867185389258 0.47347319228830675 0.40043703675539266 0.47387637695389434 0.3968531730612812 0.47495153606212775 0.3932693093671697
0 0.48771905047240005 0.38849082444168764 0.4855687322559331 0.39111899115070276 0.4857031271444624 0.39470285484481427 0.48610631181005 0.3992424155240222 0.48677828625269587 0.4016316579867632 0.48919739424622116 0.3973310215538294 0.4887942095806336 0.39470285484481427 0.4885254198035752 0.39111899115070276
0 0.5035776473188435 0.38872974868796173 0.5012929342138475 0.38801297594913947 0.49793306200061793 0.39088006690442867 0.5003521699941431 0.39207468813579915 0.5007553546597306 0.3990034912777481 0.5035776473188435 0.3968531730612812 0.5047872013156062 0.39207468813579915
0 0.5195706390538162 0.38920759718050996 0.5163451617291158 0.38992436991933227 0.5152700026208824 0.39303038512089555 0.516479556617645 0.39589747607618475 0.5201082186079329 0.3954196275836366 0.5203770083849911 0.3942250063522661 0.519436244165287 0.39303038512089555
0 0.5356980256773178 0.38705727896404307 0.5338164972379095 0.38777405170286533 0.5324725483526176 0.39088006690442867 0.5308598096902675 0.39207468813579915 0.5331445227952635 0.39470285484481427 0.5340852870149678 0.3961364003224589 0.5361012103429055 0.39494177909108835 0.5363700001199638 0.391596839643251
0 0.5500782787499403 0.38442911225502796 0.5488687247531777 0.38490696074757613 0.5472559860908276 0.38777405170286533 0.5468528014252401 0.3896854456730582 0.5484655400875902 0.391596839643251 0.5487343298646485 0.396375324568733 0.5520942020778782 0.3954196275836366 0.5522285969664072 0.38825190019541356 0.5507502531925862 0.38466803650130205
0 0.5656680858193254 0.38586265773267253 0.5636521624913876 0.3851458849938502 0.5617706340519791 0.38753512745659124 0.5636521624913876 0.39231361238207324 0.5649961113766795 0.39183576388952507 0.5659368755963837 0.39183576388952507
0 0.5817954724428271 0.382278794038561 0.5796451542263603 0.382278794038561 0.5776292308984226 0.38586265773267253 0.5792419695607727 0.38944652142678404 0.5800483388919478 0.39303038512089555 0.5820642622198855 0.3925525366283474 0.5821986571084147 0.38801297594913947
0 0.5968476999580955 0.38371233951620565 0.5948317766301578 0.38251771828483516 0.5933534328563368 0.38442911225502796 0.5948317766301578 0.38777405170286533 0.5957725408498621 0.3896854456730582 0.5976540692892706 0.38801297594913947
0 0.6127062968045389 0.37988955157582005 0.6102871888110137 0.37988955157582005 0.6102871888110137 0.38251771828483516 0.6117655325848347 0.38681835471776893 0.6145878252439475 0.38681835471776893 0.6148566150210059 0.38299556677738333
0 0.6288336834280408 0.375111066650338 0.6252050214377528 0.3796506273295459 0.6285648936509823 0.38466803650130205 0.629774447647745 0.382278794038561 0.6316559760871535 0.37917277883699774 0.6303120272018617 0.3777392333593531
0 0.646036229159776 0.3677044150158409 0.6428107518350756 0.37081043021740423 0.6414668029497839 0.3746332181577898 0.6434827262777215 0.37917277883699774 0.6457674393827176 0.37630568788170854 0.6464394138253635 0.3722439756950488
0 0.6610884566750443 0.36627086953819626 0.6585349537929899 0.36627086953819626 0.6542343173600561 0.3712882787099524 0.6582661640159315 0.3734385969264193 0.6593413231241649 0.37893385459072365 0.6627011953373945 0.3786949303444495 0.6621636157832778 0.37439429391151574 0.6631043800029821 0.3705715059711301 0.6617604311176902 0.3674654907695668
0 0.6788285819608963 0.3650762483068258 0.675603104636196 0.3688990362472114 0.6723776273114956 0.3691379604934855 0.6727808119770832 0.3724828999413229 0.6747967353050208 0.3760667636354344 0.6774846330756045 0.3760667636354344 0.6792317666264839 0.3765446121279826 0.678559792183838 0.37272182418759703 0.6792317666264839 0.3698547332323078 0.6796349512920714 0.3677044150158409
0 0.6958967328041024 0.3622091573515366 0.6925368605908728 0.363164854336633 0.6895801730432308 0.3672265665232927 0.6917304912596978 0.3705715059711301 0.6940152043646939 0.3691379604934855