1 0.5321557971014492 0.40901771336553944 0.5466485507246377 0.41304347826086957 0.5516304347826086 0.4194847020933977 0.552536231884058 0.42592592592592593 0.5520833333333334 0.4323671497584541 0.5430253623188406 0.45974235104669886 0.5484601449275363 0.604669887278583 0.5548007246376812 0.6312399355877617 0.5538949275362319 0.642512077294686 0.551177536231884 0.6481481481481481 0.542572463768116 0.6537842190016103 0.5271739130434783 0.6553945249597424 0.45561594202898553 0.6561996779388084 0.39719202898550726 0.6481481481481481 0.3532608695652174 0.6505636070853462 0.30027173913043476 0.6634460547504025 0.28125 0.6835748792270532 0.2767210144927536 0.6827697262479872 0.27445652173913043 0.6723027375201288 0.276268115942029 0.644122383252818 0.27807971014492755 0.6352657004830918 0.286231884057971 0.6247987117552335 0.291213768115942 0.6095008051529791 0.2930253623188406 0.57085346215781 0.28442028985507245 0.49597423510466987 0.271286231884058 0.4557165861513688 0.2595108695652174 0.44122383252818037 0.2586050724637681 0.4323671497584541 0.259963768115942 0.428341384863124 0.2653985507246377 0.42351046698872785 0.35190217391304346 0.42995169082125606 0.40398550724637683 0.428341384863124 0.4388586956521739 0.43800322061191627 0.4746376811594203 0.4388083735909823 0.5185688405797102 0.4307568438003221 0.5235507246376812 0.42673107890499196
0 0.307565942581093 0.4409735104452885 0.30462272781955135 0.44271763771138717 0.29988088181484557 0.44504314073285206 0.297591714778091 0.4430083255890703 0.29612010739732025 0.4403921346899222 0.2953025477413365 0.4386480074238235 0.29808225057168125 0.43428768925857675 0.3026605846451904 0.43893869530150664
0 0.3247346953567521 0.43922938317918975 0.32195499252640725 0.4406828225676054 0.3185212419712754 0.4441710770998028 0.31623207493452093 0.44504314073285217 0.31459695562255335 0.444752452855169 0.31394290789776635 0.44358970134443654 0.3150874914161436 0.4401014468122391 0.3155780272097339 0.4377759437907741 0.31737665845289814 0.4357411286469923
0 0.34288451971959166 0.4418455740783378 0.33618053054052477 0.44620589224358453 0.33487243509095077 0.44620589224358453 0.3332373157789832 0.44620589224358453 0.3320927322606059 0.4418455740783378 0.33176570839821246 0.44097351044528843 0.3329102919165898 0.4386480074238235 0.33323731577898325 0.4360318165246755 0.33438189929736056 0.4354504407693092
0 0.3579276173896929 0.4456245164882183 0.35236821172900334 0.44940345889809885 0.3508966043482326 0.4505662104088313 0.3489344611738715 0.4482407073873663 0.3484439253802813 0.44707795587663396 0.34958850889865856 0.4438803892221196 0.3510601162794293 0.4430083255890703 0.3520411878666099 0.439810758934556
0 0.3736247627845813 0.4464965801212677 0.3692099406422689 0.45231033767493 0.36626672588072745 0.4511475861641976 0.364468094637563 0.44853139526504954 0.36692077360551445 0.44736864375431706 0.3667572616743176 0.44358970134443654 0.3667572616743176 0.4418455740783378
0 0.3901394678354534 0.44533382861053517 0.38686922921151834 0.4499848346534651 0.38376250251878 0.4491127710204157 0.38310845479399297 0.4456245164882183 0.38261791900040276 0.4421362619560209
0 0.4060001251615385 0.4464965801212677 0.4035474461935871 0.4482407073873663 0.4006042314320456 0.44707795587663385 0.39847857632648775 0.44620589224358453 0.39749750473930723 0.4409735104452885 0.398969112120078 0.43719456803540796 0.40289339846880007 0.4403921346899222
0 0.420879710900443 0.4499848346534651 0.4174459603453112 0.45143827404188064 0.41662840068932744 0.45231033767493 0.41466625751496633 0.4502755225311482 0.4136851859277858 0.44853139526504954 0.4156473291021469 0.4432990134667534
0 0.43624983243293775 0.4531824013079794 0.43428768925857675 0.4569613437178599 0.4316714983594287 0.45783340735090927 0.4288917955290839 0.45637996796249364 0.4279107239419034 0.4555079043294444 0.4292188193914774 0.4531824013079794 0.4305269148410514 0.4502755225311482
0 0.4514564420342358 0.45376377706334564 0.44900376306628453 0.45754271947322617 0.4445889409239722 0.46015891037237416 0.44328084547439817 0.45870547098395864 0.4422997738872177 0.45637996796249364 0.4437713812679885 0.4549265285740781 0.4442619170615787 0.4508568982865145 0.4445889409239722 0.4499848346534651
0 0.46780763515391116 0.4531824013079794 0.4669900754979274 0.4552172164517612 0.46388334880518906 0.45521721645176116 0.46126715790604106 0.45376377706334564 0.46028608631886053 0.4531824013079794 0.45930501473167995 0.4511475861641976 0.46110364597484427 0.4488220831427326 0.4642103726675826 0.4491127710204157
0 0.4835047805487995 0.454635840696395 0.48219668509922553 0.45841478310627554 0.4808885896496515 0.4592868467393249 0.47859942261289684 0.45783340735090927 0.4774548390945196 0.45783340735090927 0.47631025557614237 0.4560892800848106 0.4758197197825521 0.454635840696395 0.47647376750733905 0.4499848346534651 0.4794169822688806 0.4505662104088313 0.4817061493056352 0.45201964979724685
0 0.5014910929804423 0.45172896191956385 0.49789383049411384 0.4566706558401768 0.49609519925094947 0.4589961588616417 0.49364252028299815 0.4569613437178599 0.4906993055214567 0.457252031595543 0.4903722816590632 0.4555079043294444 0.49184388903983395 0.4505662104088313 0.49380603221419495 0.44853139526504954 0.49723978276932673 0.44853139526504954
0 0.5152260952009696 0.44795001950968333 0.512446392370625 0.4534730891856625 0.50966668954028 0.4505662104088313 0.5080315702283125 0.4502755225311482 0.5075410344347223 0.44533382861053517 0.508358594090706 0.44358970134443654 0.5139179997513956 0.4464965801212677
0 0.5309232405958579 0.4432990134667534 0.5260178826599554 0.4502755225311482 0.5232381798296106 0.44795001950968333 0.5227476440360203 0.4453338286105353 0.5220935963112332 0.4380666316684573 0.5260178826599554 0.43893869530150664