1 0.5335144927536232 0.40901771336553944 0.5471014492753623 0.4138486312399356 0.5502717391304348 0.4194847020933977 0.551177536231884 0.427536231884058 0.5489130434782609 0.4420289855072464 0.5439311594202898 0.45410628019323673 0.5430253623188406 0.463768115942029 0.5448369565217391 0.48148148148148145 0.5448369565217391 0.5450885668276972 0.5480072463768116 0.5756843800322061 0.5484601449275363 0.607085346215781 0.5552536231884058 0.6320450885668277 0.551177536231884 0.6473429951690821 0.5439311594202898 0.6529790660225443 0.5339673913043478 0.6545893719806763 0.45063405797101447 0.6553945249597424 0.39402173913043476 0.6481481481481481 0.35280797101449274 0.6505636070853462 0.30027173913043476 0.6626409017713365 0.28125 0.6835748792270532 0.276268115942029 0.6819645732689211 0.2740036231884058 0.6723027375201288 0.2758152173913043 0.6473429951690821 0.27943840579710144 0.6336553945249598 0.2857789855072464 0.6247987117552335 0.29030797101449274 0.6119162640901772 0.29257246376811596 0.5660225442834138 0.28442028985507245 0.49597423510466987 0.2708333333333333 0.45410628019323673 0.26268115942028986 0.4420289855072464 0.26268115942028986 0.43397745571658614 0.264945652173913 0.428341384863124 0.2807971014492754 0.4251207729468599 0.2930253623188406 0.428341384863124 0.33242753623188404 0.427536231884058 0.3605072463768116 0.4307568438003221 0.40851449275362317 0.42914653784219003 0.44565217391304346 0.4388083735909823 0.485054347826087 0.43800322061191627 0.5063405797101449 0.43478260869565216 0.5208333333333334 0.42914653784219003 0.5307971014492754 0.4106280193236715
0 0.3059242827918776 0.4404735272956735 0.301672972580762 0.4437989966163684 0.29793181959498033 0.4437989966163684 0.2957211382852002 0.4404735272956735 0.2953810334683109 0.4383573195461404 0.29844197682031415 0.43593879640381694 0.30286333943987437 0.4383573195461405
0 0.32275947122789533 0.44107815808125445 0.3196985278758921 0.44289205043799706 0.3168076369323335 0.4468221505442728 0.3132365363549964 0.443496681223578 0.31221622190432863 0.44228741965241625 0.31527716525633187 0.44077584268846404 0.3159573748901104 0.4365434271893978 0.31782795138300124 0.43624111179660735
0 0.34078502652302545 0.44258973504520654 0.3358535066781313 0.4453105735803206 0.33347277295990657 0.44621751975869195 0.3316021964670157 0.4437989966163684 0.33092198683323726 0.44228741965241614 0.33262251091768347 0.4404735272956735 0.3327925633261281 0.4365434271893978 0.33687382112879904 0.4395665811173022
0 0.35711005773370924 0.44651983515148236 0.35251864270570443 0.4501476198649677 0.35030796139592435 0.44742678132985364 0.3477571752692549 0.44651983515148236 0.347757175269255 0.4447059427947397 0.3501379089874797 0.4437989966163684 0.3508181186212582 0.43926426572451177 0.3542191667901507 0.4444036274019492
0 0.37326503653594845 0.44682215054427277 0.37020409318394526 0.45105456604333893 0.36748325464883125 0.45196151222171027 0.3659527829728296 0.4495429890793868 0.3666329926066081 0.44712446593706323 0.3669730974234974 0.44289205043799706 0.3690137263248328 0.4450082581875301
0 0.3907804346057447 0.445612888973111 0.3890799105212984 0.4489383582938059 0.38397833826795974 0.4492406736865963 0.38261791900040276 0.4489383582938059 0.3827879714088473 0.4450082581875302 0.38329812863418117 0.44138047347404485
0 0.40625520377420543 0.4453105735803205 0.4043846272813145 0.4486360429010155 0.4020038935630898 0.44712446593706323 0.3989429502110866 0.44651983515148236 0.3982627405773081 0.44228741965241614 0.3982627405773081 0.43926426572451177 0.39877289780264197 0.43745037336776915 0.4020038935630898 0.4386596349389309
0 0.42207007775955535 0.45105456604333893 0.418158872365329 0.45286845840008166 0.4157781386471043 0.4537754045784529 0.41390756215421354 0.4498453044721772 0.41560808623865975 0.4453105735803205 0.4176487151399952 0.443496681223578 0.4196893440413307 0.4483337275082251
0 0.4370346897026823 0.4540777199712434 0.43312348430845593 0.4577055046847287 0.43074275059023115 0.4574031892919383 0.42989248854800804 0.45558929693519556 0.4273417024213387 0.45589161232798603 0.4283620168720064 0.4522638276145008 0.4295523837311188 0.4501476198649676 0.4300625409564527 0.4486360429010155 0.43363364153378975 0.45286845840008166
0 0.4508089347866967 0.4537754045784529 0.44808809625158275 0.4583101354703096 0.44723783420935964 0.46103097400542353 0.44502715289957956 0.4589147662558905 0.4428164715897994 0.4586124508631 0.44366673363202247 0.45528698154240516 0.44485710049113486 0.4531707737928721 0.44485710049113486 0.4507522506505485
0 0.4678141756311591 0.45196151222171027 0.46662380877204673 0.45679855850635737 0.4644131274622666 0.4552869815424052 0.4616922889271526 0.453775404578453 0.46033186965959566 0.45286845840008166 0.45914150280048327 0.4504499352577581 0.46492328468760047 0.4504499352577581
0 0.4836290496165091 0.4543800353640338 0.4820985779405075 0.46012402782705225 0.4797178442222827 0.4574031892919383 0.4771670580956134 0.4574031892919383 0.4754665340111671 0.4531707737928721 0.47614674364494564 0.448333727508225 0.48039805385606116 0.45135688143612945
0 0.5002941856440821 0.45105456604333893 0.5001241332356375 0.4537754045784529 0.49570277061607737 0.4586124508631 0.4912814079965171 0.45649624311356696 0.4914514604049618 0.453775404578453 0.4921316700387403 0.44803141211543457 0.495872823024522 0.4501476198649677
0 0.5144085355449859 0.4489383582938059 0.5125379590520951 0.4546823507568242 0.5087968060663134 0.45196151222171027 0.5072663343903118 0.4507522506505485 0.5069262295734225 0.44621751975869195 0.5060759675311993 0.4444036274019493 0.5101572253338703 0.4447059427947397
0 0.5298833047134467 0.44289205043799706 0.5278426758121112 0.44651983515148236 0.5271624661783327 0.4501476198649677 0.5246116800516634 0.448333727508225 0.5232512607841063 0.448333727508225 0.5217207891081047 0.43926426572451177 0.5266523089529989 0.4401712119028831