1 0.6793478260869565 0.34057971014492755 0.7065217391304348 0.3438003220611916 0.7205615942028986 0.3526570048309179 0.7264492753623188 0.3647342995169082 0.7223731884057971 0.3784219001610306 0.7096920289855072 0.391304347826087 0.7042572463768116 0.40418679549114334 0.708786231884058 0.42914653784219003 0.7092391304347826 0.4444444444444444 0.7151268115942029 0.4669887278582931 0.7160326086956522 0.5185185185185185 0.7196557971014492 0.5418679549114331 0.7192028985507246 0.5491143317230274 0.7155797101449275 0.5587761674718197 0.7105978260869565 0.5628019323671497 0.6390398550724637 0.5595813204508857 0.5932971014492754 0.5611916264090178 0.5475543478260869 0.571658615136876 0.48007246376811596 0.5700483091787439 0.4578804347826087 0.5805152979066023 0.453804347826087 0.5797101449275363 0.45063405797101447 0.571658615136876 0.44882246376811596 0.5523349436392915 0.4528985507246377 0.45410628019323673 0.45063405797101447 0.4363929146537842 0.447463768115942 0.36553945249597425 0.452445652173913 0.3526570048309179 0.458786231884058 0.35104669887278583 0.48233695652173914 0.35990338164251207 0.5117753623188406 0.35909822866344604 0.5289855072463768 0.355877616747182 0.6326992753623188 0.35104669887278583
0 0.47036496175782844 0.36580162527643445 0.4667938611804914 0.36580162527643445 0.46373291782848813 0.370336356168291 0.46526338950448964 0.3721502485250337 0.46917459489871605 0.3718479331322433
0 0.483629049616509 0.3651969944908536 0.48022800144761657 0.368220148418758 0.47954779181383816 0.37456877166735725 0.4836290496165091 0.373057194703405 0.484139206841843 0.36973172538271015 0.48532957370095525 0.36610394066922486
0 0.49944392360185896 0.36701088684759614 0.4924717748556295 0.3700340407755006 0.4928118796725187 0.37638266402409987 0.4951926133907434 0.3778942409880521 0.49893376637652515 0.3760803486313094 0.5002941856440821 0.3760803486313094 0.5004642380525268 0.37335951009619545 0.4994439236018591 0.37124330234666236
0 0.5133882210943181 0.36368541752690137 0.5091369108832026 0.3691270945971293 0.5098171205169811 0.3800104487375852 0.5120278018267612 0.37668497941689033 0.5140684307280967 0.375778033238519 0.5154288499956536 0.3724525639178241 0.5145785879534306 0.3694294099899197
0 0.5292030950796681 0.36187152517015875 0.5225710511503279 0.36670857145480573 0.5237614180094402 0.3748710870601477 0.5259720993192203 0.3691270945971293 0.5292030950796681 0.3688247792043388 0.5298833047134467 0.3642900483124822
0 0.5436575497974611 0.3612668943845778 0.53736561068501 0.36368541752690137 0.5395762919947903 0.37124330234666236 0.540596606445458 0.3751734024529381 0.5436575497974612 0.3739641408817764 0.5456981786987967 0.37305719470340504 0.5453580738819075 0.3670108868475962 0.5448479166565736 0.36429004831248224
0 0.558622161740588 0.36277847134853003 0.5526703274450262 0.3664062560620153 0.555051061163251 0.3712433023466624 0.5581120045152541 0.37275487931061463 0.5598125285997004 0.3712433023466624 0.5598125285997004 0.36731320224038666
0 0.5739268785006041 0.36247615595573957 0.5681450966134869 0.36761551763317707 0.5703557779232671 0.37003404077550056 0.5715461447823793 0.37275487931061463 0.5756274025850504 0.36973172538271015 0.5759675074019396 0.36761551763317707
0 0.5907620669366218 0.35945300202783514 0.5866808091339509 0.36096457899178735 0.5832797609650584 0.36549930988364404 0.5851503374579492 0.37124330234666236 0.587531071176174 0.36670857145480573 0.5888914904437309 0.36670857145480573 0.5904219621197325 0.368220148418758 0.5914422765704004 0.3651969944908535 0.5907620669366218 0.36368541752690137
0 0.6069170457388612 0.36096457899178735 0.6043662596121917 0.36096457899178735 0.5996047921757423 0.3645923637052727 0.5999448969926314 0.368220148418758 0.6019855258939669 0.37063867156108155 0.6038561023868578 0.36791783302596753 0.6079373601895288 0.36761551763317707 0.6075972553726395 0.36459236370527265
0 0.6237522341748789 0.36338310213411096 0.6210313956397648 0.36368541752690137 0.6157597709779815 0.3673132022403866 0.6191608191468739 0.3712433023466624 0.6229019721326556 0.3703363561682911 0.624092338991768 0.3664062560620153
0 0.6390569509348948 0.35884837124225427 0.6351457455406686 0.3627784713485301 0.6312345401464422 0.36368541752690137 0.6341254310900009 0.36822014841875794 0.6368462696251148 0.3661039406692249 0.6383767413011164 0.36580162527643445 0.6404173702024518 0.3651969944908536
0 0.654361667694911 0.35370900956481677 0.6518108815682417 0.3576391096710926 0.6458590472726798 0.3612668943845778 0.6489199906246831 0.3633831021341109 0.6528311960189094 0.36247615595573957 0.6552119297371342 0.3585460558494638
0 0.6720471181731518 0.3528020633864455 0.6696663844549271 0.35219743260086456 0.6625241833002529 0.3564298480999307 0.6649049170184776 0.3582437404566734 0.6693262796380379 0.35582521731434985 0.6711968561309287 0.3570344788855116
0 0.6885422017922802 0.35098817102970276 0.6793593717362707 0.3564298480999307 0.6831005247220524 0.3582437404566734 0.6866716252993895 0.3561275327071403