1 0.36186594202898553 0.2463768115942029 0.375 0.249597423510467 0.3836050724637681 0.24798711755233493 0.39311594202898553 0.2528180354267311 0.4216485507246377 0.249597423510467 0.485054347826087 0.2584541062801932 0.5235507246376812 0.2576489533011272 0.529891304347826 0.2616747181964573 0.6077898550724637 0.2560386473429952 0.6431159420289855 0.249597423510467 0.6435688405797102 0.2576489533011272 0.6471920289855072 0.2665056360708535 0.6580615942028986 0.2665056360708535 0.6616847826086957 0.2713365539452496 0.6598731884057971 0.2922705314009662 0.6557971014492754 0.3075684380032206 0.6580615942028986 0.33413848631239934 0.6553442028985508 0.34782608695652173 0.6585144927536232 0.355877616747182 0.6589673913043478 0.38003220611916266 0.6766304347826086 0.4210950080515298 0.6770833333333334 0.4355877616747182 0.6698369565217391 0.44363929146537845 0.6598731884057971 0.44605475040257647 0.6490036231884058 0.4388083735909823 0.623641304347826 0.43800322061191627 0.613677536231884 0.4331723027375201 0.5683876811594203 0.4307568438003221 0.49094202898550726 0.4323671497584541 0.4288949275362319 0.42673107890499196 0.3691123188405797 0.43397745571658614 0.3491847826086957 0.4420289855072464 0.34057971014492755 0.4396135265700483 0.33559782608695654 0.4323671497584541 0.3351449275362319 0.4219001610305958 0.34148550724637683 0.40660225442834136 0.3423913043478261 0.3752012882447665 0.3451086956521739 0.3671497584541063 0.3446557971014493 0.34782608695652173 0.34782608695652173 0.32689210950080516 0.3473731884057971 0.28180354267310787 0.34148550724637683 0.26006441223832527 0.35643115942028986 0.25684380032206117 0.358695652173913 0.24879227053140096
0 0.3712810917707615 0.2566531720043855 0.36649836778325645 0.253504053329485 0.3675611953360353 0.26200667375171616 0.3689782987397405 0.2651557924266166
0 0.38669209128605536 0.2613768500167361 0.38155509144762395 0.2582277313418357 0.3810236776712346 0.26515579242661663 0.385097849956887 0.2730285891138677
0 0.39909174606847575 0.2613768500167361 0.3957261254846759 0.26169176188422616 0.3953718496337496 0.2692496467039872 0.3983831943666232 0.2742882365838279 0.3996231598448652 0.2720838535113976 0.3987374702175494 0.2664154398965768
0 0.4116847826086957 0.26006441223832527 0.41440217391304346 0.2632850241545894 0.41394927536231885 0.2721417069243156 0.4107789855072464 0.27053140096618356
0 0.4279891304347826 0.2640901771336554 0.4316123188405797 0.2665056360708535 0.4311594202898551 0.27294685990338163 0.4270833333333333 0.2713365539452496
0 0.4478046755708418 0.2683049111015171 0.44497046876343144 0.26798999923402705 0.44284481365787376 0.2705092941739474 0.44355336535972634 0.27775226712621837 0.44603329631621036 0.27491806031880794
0 0.4626716247139588 0.26824307144673276 0.4598112128146453 0.2661242478176116 0.4587385583524028 0.27184507161623866 0.4606454996186118 0.2767183659632172 0.4619565217391305 0.27184507161623866
0 0.47816552250190697 0.26972624798711753 0.474470823798627 0.266759894906348 0.4730406178489702 0.2735401305195355 0.4754242944317315 0.2807441308585473 0.4760202135774218 0.27565895414865665 0.47840389016018303 0.2701500127129418
0 0.4938977879481312 0.2684549538096449 0.4909181922196796 0.26824307144673276 0.4884153318077804 0.26464107127722686 0.48996472158657517 0.27142130689041444 0.4887728832951946 0.2767183659632172 0.49211003051106034 0.27565895414865665 0.49222921434019834 0.27142130689041444
0 0.5096300533943555 0.2690906008983812 0.5065312738367659 0.26993813035002967 0.5041475972540046 0.26654801254343585 0.5036708619374524 0.2735401305195356 0.503074942791762 0.27735401305195356 0.5054586193745233 0.27947283668107464 0.5074847444698704 0.2786253072294262 0.506769641495042 0.27396389524535975
0 0.525839054157132 0.27248071870497503 0.5194031273836766 0.26824307144673276 0.5189263920671243 0.2741757776082719 0.5198798627002288 0.2803203661327231 0.5222635392829901 0.2794728366810747
0 0.5424056064073226 0.27184507161623866 0.5368039664378337 0.2709975421645902 0.5366847826086957 0.2784134248665141 0.5399027459954233 0.2784134248665141
0 0.556350114416476 0.27205695397915075 0.5514635774218154 0.26972624798711753 0.550748474446987 0.27693024832612934 0.5511060259344013 0.2805322484956352 0.5542048054919909 0.27926095431816256
0 0.5719631960335622 0.2714213068904145 0.5681493135011442 0.2726926010678871 0.5658848207475209 0.26887871853546913 0.565765636918383 0.2765064836003051 0.5662423722349352 0.28180354267310787 0.569817887109077 0.28010848376981107
0 0.57947177726926 0.2680311890838207 0.579233409610984 0.27693024832612934 0.5842391304347826 0.278201542503602 0.5853117848970252 0.2752351894228325 0.5856693363844393 0.268666836172557
0 0.5962766971777269 0.2661242478176117 0.5952040427154844 0.27671836596321725 0.5979452707856598 0.27544707178574457 0.5987795575896263 0.27417577760827183 0.604023646071701 0.2680311890838207
0 0.6120089626239512 0.27332824815662343 0.6167763157894737 0.2733282481566235 0.6204710144927537 0.26442918891431477 0.613677536231884 0.264852953640139
0 0.6310783752860412 0.26040342401898464 0.6310783752860412 0.26930248326129336 0.6333428680396643 0.2714213068904145 0.636441647597254 0.2623103652851937