1 0.6820652173913043 0.3413848631239936 0.6961050724637681 0.3421900161030596 0.7078804347826086 0.3470209339774557 0.7182971014492754 0.355877616747182 0.7223731884057971 0.36553945249597425 0.7192028985507246 0.37922705314009664 0.7083333333333334 0.3896940418679549 0.7033514492753623 0.4001610305958132 0.7024456521739131 0.4082125603864734 0.7056159420289855 0.4194847020933977 0.707427536231884 0.4444444444444444 0.7124094202898551 0.4750402576489533 0.7164855072463768 0.5297906602254429 0.7219202898550725 0.5466988727858293 0.7318840579710145 0.5571658615136876 0.7296195652173914 0.5619967793880838 0.7142210144927537 0.5668276972624798 0.6798007246376812 0.5611916264090178 0.6367753623188406 0.5619967793880838 0.5493659420289855 0.5740740740740741 0.47780797101449274 0.572463768115942 0.4578804347826087 0.5861513687600645 0.45153985507246375 0.5845410628019324 0.44565217391304346 0.571658615136876 0.4438405797101449 0.5571658615136876 0.4479166666666667 0.5402576489533011 0.45108695652173914 0.4750402576489533 0.44882246376811596 0.392914653784219 0.4429347826086957 0.3687600644122383 0.4433876811594203 0.3607085346215781 0.447463768115942 0.3526570048309179 0.45652173913043476 0.34782608695652173 0.4750905797101449 0.35909822866344604 0.5040760869565217 0.35990338164251207 0.6277173913043478 0.35185185185185186 0.6585144927536232 0.3438003220611916
0 0.470587337984256 0.3665574137584105 0.46519144425476316 0.36713878951377676 0.4647009084611729 0.37208048343438976 0.4676441232227145 0.3729525470674391 0.47042382605305927 0.37208048343438976
0 0.48513989986076694 0.36568535012536113 0.4835047805487995 0.3662667258807274 0.4794169822688807 0.36772016526914303 0.4797440061312742 0.3744059864558547 0.4817061493056352 0.37411529857817155 0.4835047805487995 0.37208048343438976
0 0.4992019259436878 0.3665574137584105 0.49315198448940795 0.36946429253524166 0.4928249606270144 0.37556873796658713 0.4949506157325722 0.3793476803764676 0.4969127589069333 0.3781849288657352 0.5010005571868522 0.3767314894773196 0.5014910929804424 0.3723711713120728 0.49985597366847484 0.37091773192365723
0 0.5140815116825924 0.36394122285926245 0.5093396656778865 0.36975498041292476 0.5095031776090833 0.3790569924987845 0.5104842491962638 0.38051043188720013 0.5117923446458378 0.3761501137219534 0.5137544878201988 0.3761501137219534 0.51571663099456 0.37149910767902355 0.5147355594073794 0.36772016526914303
0 0.5301056809398742 0.36248778347084687 0.5266719303847424 0.3630691592262131 0.523565203692004 0.3683015410245092 0.523565203692004 0.37382461070048845 0.5250368110727748 0.3744059864558547 0.5261813945911521 0.36975498041292476 0.5312502644582515 0.36946429253524166
0 0.5451487786099755 0.3630691592262131 0.5426960996420241 0.36365053498157934 0.5382812774997119 0.3680108531468261 0.5418785399860404 0.3744059864558547 0.5435136592980079 0.3732432349451222 0.545475802472369 0.3729525470674391 0.5453122905411724 0.36975498041292476
0 0.5598648524176832 0.36423191073694555 0.5557770541377645 0.36452259861462866 0.5536513990322066 0.36859222890219234 0.5575756853809288 0.3735339228228053 0.5598648524176832 0.37120841980134034
0 0.5749079500877846 0.36277847134853 0.5708201518078658 0.3645225986146287 0.5667323535279469 0.36946429253524166 0.5695120563582917 0.370336356168291 0.5722917591886365 0.3732432349451222 0.574580926225391 0.3700456682906079
0 0.5912591432074599 0.35899952893864945 0.5881524165147217 0.35899952893864945 0.5830835466476223 0.36423191073694555 0.5834105705100158 0.367720165269143 0.5845551540283931 0.36975498041292476 0.5856997375467703 0.3700456682906079 0.5871713449275411 0.36742947739145987 0.5892970000330989 0.36713878951377676 0.5910956312762632 0.36597603800304424 0.5919131909322469 0.36248778347084687
0 0.6076103363271352 0.36074365620474813 0.6043400977032002 0.36074365620474813 0.5991077159049041 0.3651039743699949 0.6000887874920846 0.36946429253524166 0.6023779545288391 0.3714991076790235 0.6038495619096099 0.3680108531468261 0.609081943707906 0.36917360465755855 0.6082643840519223 0.36568535012536113
0 0.6244520652404009 0.3648132864923118 0.6205277788916788 0.36365053498157934 0.617748076061334 0.3665574137584105 0.6144778374373989 0.36713878951377676 0.6146413493685956 0.36917360465755855 0.6193831953733016 0.37149910767902355 0.6224899220660397 0.3706270440459742
0 0.6404762344976827 0.3619064077154806 0.6381870674609281 0.35870884106096634 0.6354073646305833 0.3630691592262131 0.6326276618002385 0.36365053498157934 0.631646590213058 0.36742947739145987 0.63557087656178 0.370336356168291 0.6383505793921249 0.3662667258807274 0.6406397464288794 0.3662667258807274
0 0.6550287963741938 0.35260439562962087 0.6524126054750458 0.3560926501618183 0.6489788549199138 0.35783677742791703 0.6468531998143561 0.3598715925716988 0.6486518310575203 0.36248778347084687 0.6538842128558165 0.3610343440824313 0.6556828440989807 0.35929021681633255
0 0.6723610610810496 0.35289508350730403 0.6699083821130982 0.3517323319965715 0.6663111196267697 0.35347645926267024 0.6633679048652281 0.3543485228957196 0.6622233213468509 0.3575460895502339 0.6659840957643762 0.35870884106096634 0.6687637985947211 0.3563833380395014 0.6710529656314755 0.3569647137948676
0 0.6900203496502989 0.3494068289751066 0.6851149917143964 0.35260439562962087 0.6815177292280677 0.3540578350180365 0.6789015383289198 0.3560926501618183 0.6842974320584125 0.35696471379486766 0.6877311826135444 0.3560926501618183