1 0.6793478260869565 0.3397745571658615 0.6933876811594203 0.3397745571658615 0.7092391304347826 0.3446054750402576 0.7228260869565217 0.3534621578099839 0.7278079710144928 0.3647342995169082 0.7214673913043478 0.3784219001610306 0.708786231884058 0.3896940418679549 0.7038043478260869 0.40660225442834136 0.7069746376811594 0.4194847020933977 0.708786231884058 0.44605475040257647 0.7169384057971014 0.4669887278582931 0.7169384057971014 0.5072463768115942 0.7196557971014492 0.5362318840579711 0.7241847826086957 0.5475040257648953 0.7355072463768116 0.5571658615136876 0.7341485507246377 0.5644122383252818 0.7296195652173914 0.572463768115942 0.720108695652174 0.5756843800322061 0.697463768115942 0.5628019323671497 0.6435688405797102 0.5619967793880838 0.6055253623188406 0.5652173913043478 0.5806159420289855 0.572463768115942 0.5461956521739131 0.5756843800322061 0.4805253623188406 0.572463768115942 0.4701086956521739 0.5764895330112721 0.45561594202898553 0.5885668276972624 0.4519927536231884 0.5861513687600645 0.4438405797101449 0.571658615136876 0.442481884057971 0.5563607085346216 0.447463768115942 0.5410628019323671 0.45063405797101447 0.4557165861513688 0.4483695652173913 0.44122383252818037 0.4479166666666667 0.392109500805153 0.4420289855072464 0.3647342995169082 0.447463768115942 0.35185185185185186 0.4528985507246377 0.3462157809983897 0.45742753623188404 0.34541062801932365 0.46557971014492755 0.3534621578099839 0.47644927536231885 0.35909822866344604 0.49320652173913043 0.35990338164251207 0.5280797101449275 0.35507246376811596 0.6340579710144928 0.3502415458937198
0 0.470411248212198 0.3655959077014587 0.46821012606147244 0.36559590770145867 0.46459399681385194 0.3672729531496305 0.46443677380308585 0.37286310464353656 0.4669523419753436 0.37454015009170843 0.4691534641260692 0.3725835970688412 0.46993957917989965 0.3692295061724976
0 0.4838861082515479 0.3665097937844704 0.4816497773064223 0.3662613125683453 0.4802520704657187 0.36824916229734583 0.479553217045367 0.36824916229734583 0.4789941343090856 0.3747096739165975 0.4812304652542112 0.37495815513272257 0.4840258789356182 0.37272182418759703 0.4844451909878292 0.3694915683779712
0 0.49981996623556757 0.3680006810812208 0.4967450111860199 0.3677521998650957 0.49436890955682394 0.37048549324247143 0.4929712027161205 0.37048549324247143 0.4929712027161205 0.3759520799972228 0.4952075336612461 0.3796792982390988 0.49632569913380886 0.37943081702297377 0.49786317665858265 0.37769144851009834 0.4994006541833565 0.37620056121334794 0.5007983610240601 0.37669752364559805 0.5010779023922007 0.3722248617553469 0.49981996623556757 0.37048549324247143
0 0.5139368053266729 0.3637765004070947 0.5114209330134066 0.3670067562167206 0.5093243727523513 0.3672552374328456 0.5086255193319995 0.3707339744585965 0.5087652900160698 0.37719448607784817 0.5094641434364217 0.38042474188747405 0.510442538224914 0.3791823358068487 0.5111413916452658 0.37644904242947297 0.5133777225903915 0.37595207999722285 0.515194741483306 0.37470967391659754 0.5158935949036577 0.37197638053922183 0.5150549707992356 0.36974004959409623
0 0.5297308926266222 0.3602977633813438 0.5259570841567228 0.3642734628393448 0.5237207532115973 0.36452194405546984 0.5235809825275269 0.36874612472959595 0.5241400652638083 0.37048549324247143 0.5238605238956676 0.3759520799972228 0.5253980014204415 0.37545511756497274 0.5262366255248635 0.37123093689084663 0.5283331857859188 0.37048549324247143 0.530010433994763 0.3692430871618461 0.5305695167310442 0.3662613125683454 0.5298706633106925 0.364770425271595
0 0.54482612650622 0.3627825755425944 0.5417511714566722 0.3630310567587195 0.540073923247828 0.36526738770384504 0.5383966750389838 0.3667582750005955 0.5386762164071246 0.3707339744585965 0.5402136939318984 0.37371574905209726 0.5423102541929536 0.37321878661984714 0.5439875024017978 0.37321878661984714 0.5453852092425013 0.37272182418759703 0.5448261265062199 0.3694915683779712 0.5449658971902902 0.3655158689199701
0 0.5603406724380287 0.3632795379748446 0.5583838828610438 0.36303105675871944 0.554889615759285 0.36501890648772 0.5537714502867224 0.3655158689199701 0.5526532848141594 0.3670067562167205 0.5557282398637072 0.3729703054037221 0.5593622776495362 0.37321878661984714 0.5611792965424507 0.37123093689084663 0.5602009017539582 0.3692430871618461
0 0.5743177408450636 0.3632795379748446 0.5716620978477269 0.36303105675871944 0.5674689773256165 0.3677521998650957 0.5698450789548124 0.36849764351347086 0.5711030151114455 0.37272182418759703 0.575296135633556 0.37073397445859646 0.5758552183698374 0.36824916229734583
0 0.5912299936175758 0.36054624459746887 0.5896925160928019 0.35905535730071847 0.5854993955706914 0.3615401694619691 0.5824244405211437 0.3660128313522203 0.5850800835184804 0.37098245567472155 0.5873164144636059 0.3667582750005955 0.590111828145013 0.3667582750005955 0.590111828145013 0.36824916229734583 0.5924879297742088 0.3635280191909696
0 0.6067445395493846 0.36104320702971904 0.6050672913405402 0.3605462445974688 0.5986378398733042 0.3657643501360952 0.6008741708184298 0.36998853081022126 0.6024116483432036 0.37023701202634635 0.6046479792883293 0.3677521998650957 0.6075831636538066 0.36874612472959595 0.6071638516015956 0.3640249816232197
0 0.6240761043741078 0.36427346283934475 0.6210011493245601 0.3640249816232197 0.6151307805936055 0.3672552374328456 0.6189045890635049 0.3707339744585965 0.6215602320608415 0.3699885308102213 0.6235170216378264 0.3699885308102213
0 0.6387520262014944 0.3600492821652187 0.6367952366245094 0.3602977633813438 0.6333009695227508 0.3640249816232197 0.6314839506298362 0.3637765004070947 0.6310646385776252 0.3662613125683454 0.6359566125200874 0.3699885308102213 0.6384724848333537 0.3652673877038451 0.6394508796218462 0.3652673877038451 0.6394508796218462 0.3635280191909696
0 0.6542665721333032 0.3540857329782172 0.6521700118722479 0.3578129512200931 0.6468587258775746 0.3595523197329686 0.6476973499819967 0.36203713189421927 0.6545461135014439 0.3625340943264693 0.6545461135014439 0.36054624459746887 0.6560835910262176 0.3580614324362182 0.6552449669217956 0.35483117662659236
0 0.6700606594332527 0.35135243960084145 0.6676845578040564 0.3543342141943422 0.6646096027545089 0.3543342141943422 0.6629323545456648 0.35781295122009316 0.6665663923314938 0.3588068760845934 0.6685231819084786 0.35706750757171796 0.6704799714854636 0.35706750757171796 0.671877678326167 0.3593038385168435 0.6728560731146594 0.35483117662659236 0.6731356144828002 0.3523463644653417
0 0.6894887845190312 0.35011003352021614 0.6852956639969205 0.35160092081696653 0.6783071297934031 0.35632206392334276 0.6825002503155136 0.3588068760845934 0.6859945174172724 0.3555766202749676 0.6876717656261165 0.35632206392334276 0.68906947246682 0.3540857329782172 0.6903274086234532 0.35135243960084145